7 7 6
24 424 80 8
24 424 80 8
11
69
1 272 16 1 16 16
3 168 24 0 8 8
1 248 24 1 16 16
1 296 24 1 16 16
1 344 24 1 16 16
5 384 24 0 8 24
3 448 24 0 8 8
3 616 24 0 8 8
1 272 32 1 16 16
3 168 40 0 8 8
1 296 40 1 16 16
3 448 40 0 8 8
3 616 40 0 8 8
3 760 40 0 8 8
1 224 48 1 16 16
1 272 48 1 16 16
1 320 48 1 16 16
5 488 48 0 8 24
3 168 56 0 8 8
1 296 56 1 16 16
3 448 56 0 8 8
3 616 56 0 8 8
3 744 56 0 8 8
3 728 72 0 8 8
3 40 328 0 8 8
3 56 328 0 8 8
3 72 328 0 8 8
3 728 352 0 8 8
3 744 352 0 8 8
3 760 352 0 8 8
3 48 384 0 8 8
3 64 384 0 8 8
3 80 384 0 8 8
5 656 392 0 8 24
3 696 408 0 8 8
5 536 416 0 8 24
3 696 424 0 8 8
5 632 432 0 8 24
3 696 440 0 8 8
3 288 488 0 8 8
3 304 488 0 8 8
3 320 488 0 8 8
3 288 600 0 8 8
3 304 600 0 8 8
3 320 600 0 8 8
3 592 648 0 8 8
3 592 664 0 8 8
3 936 712 0 8 8
3 952 712 0 8 8
3 968 712 0 8 8
3 944 824 0 8 8
3 960 824 0 8 8
3 976 824 0 8 8
3 48 840 0 8 8
3 64 840 0 8 8
3 80 840 0 8 8
1 336 888 3 16 16
1 392 888 3 16 16
5 440 904 0 8 24
3 904 904 0 8 8
3 176 912 0 8 8
3 904 920 0 8 8
3 176 928 0 8 8
5 440 928 0 8 24
3 456 936 0 8 8
3 904 936 0 8 8
3 176 944 0 8 8
3 456 952 0 8 8
3 456 968 0 8 8
16
1 600 26
1 600 34
1 600 50
1 600 58
1 744 644
1 744 652
1 856 660
1 856 668
1 292 892
1 292 900
1 292 956
1 292 964
1 52 696
1 60 696
1 68 696
1 76 696

