3 0 0
776 408 240 8
880 408 80 8
16
69
1 288 48 3 16 16
1 368 48 3 16 16
1 328 56 3 16 16
1 288 64 3 16 16
1 368 64 3 16 16
1 312 72 3 16 16
1 344 72 3 16 16
1 288 80 3 16 16
1 368 80 3 16 16
1 328 88 3 16 16
1 288 96 3 16 16
1 368 96 3 16 16
3 600 216 0 8 8
3 616 216 0 8 8
3 632 216 0 8 8
3 664 240 0 8 8
3 648 256 0 8 8
3 632 272 0 8 8
3 752 272 0 8 8
3 752 304 0 8 8
3 888 312 0 8 8
3 872 328 0 8 8
2 48 344 0 16 16
3 856 344 0 8 8
3 48 384 0 8 8
3 48 400 0 8 8
3 48 416 0 8 8
3 528 472 0 8 8
3 560 480 0 8 8
3 576 504 0 8 8
3 576 528 0 8 8
4 704 616 0 64 8
0 512 664 1 16 16
0 528 664 1 16 16
5 552 664 0 8 80
5 560 664 0 8 80
0 512 680 1 16 16
0 528 680 1 16 16
0 512 696 1 16 16
0 528 696 1 16 16
0 512 712 1 16 16
0 528 712 1 16 16
0 512 728 1 16 16
0 528 728 1 16 16
3 776 728 0 8 8
3 792 728 0 8 8
3 808 728 0 8 8
3 128 736 0 8 8
3 112 752 0 8 8
3 96 768 0 8 8
2 624 864 0 16 16
3 304 872 0 8 8
3 400 872 0 8 8
3 496 872 0 8 8
3 320 888 0 8 8
3 384 888 0 8 8
3 416 888 0 8 8
3 480 888 0 8 8
3 512 888 0 8 8
3 576 888 0 8 8
3 336 904 0 8 8
3 368 904 0 8 8
3 432 904 0 8 8
3 464 904 0 8 8
3 528 904 0 8 8
3 560 904 0 8 8
3 352 920 0 8 8
3 448 920 0 8 8
3 544 920 0 8 8
16
2 824 344
2 680 232
2 664 256
2 552 160
2 128 448
2 146 472
2 544 492
2 564 504
2 200 980
2 168 980
2 172 836
2 172 852
2 784 640
2 784 656
2 784 672
2 784 688
