-1 -1 -1 -1 -1 -1 -1 -1 -1 -1 -1 -1 -1 -1 -1 -1 -1 -1 -1 -1 -1 -1 -1 -1 -1 -1 -1 -1 -1 -1 -1 -1 -1 -1 -1 -1 -1 -1 -1 -1 -1 -1 -1 -1 -1 -1 -1 -1 -1 -1 -1 -1 -1 -1 -1 -1 -1 -1 -1 -1 -1 -1 -1 -1 -1 -1 -1 -1 -1 -1 -1 -1 -1 -1 -1 -1 -1 -1 -1 -1 -1 -1 -1 -1 -1 -1 -1 -1 -1 -1 -1 -1 -1 -1 -1 -1 -1 -1 -1 -1 -1 -1 -1 -1 -1 -1 -1 -1 -1 -1 -1 -1 -1 -1 -1 -1 -1 -1 -1 -1 -1 -1 -1 -1 -1 -1 -1 -1 
-1 347 347 347 347 347 347 347 347 347 347 347 347 347 347 347 347 347 347 347 347 347 347 347 347 347 347 347 347 348 349 350 351 352 353 354 355 356 357 358 359 360 361 362 363 367 367 367 367 371 371 371 371 372 373 374 375 376 377 378 379 380 381 382 383 384 385 386 387 388 389 390 391 392 393 394 395 396 397 398 399 400 401 402 403 404 405 406 407 408 409 410 -1 -1 -1 -1 -1 -1 -1 -1 -1 -1 -1 -1 -1 -1 -1 -1 -1 -1 -1 -1 -1 -1 -1 -1 -1 -1 -1 -1 -1 -1 -1 -1 -1 -1 -1 -1 
-1 346 346 346 346 346 346 346 346 346 346 346 346 346 346 346 346 346 346 346 346 346 346 346 346 346 346 346 347 348 349 350 351 352 353 354 355 356 357 358 359 360 361 362 366 366 366 366 370 370 370 370 371 372 373 374 375 376 377 378 379 380 381 382 383 384 385 386 387 388 389 390 391 392 393 394 395 396 397 398 399 400 401 402 403 404 405 406 407 408 409 410 -1 -1 -1 -1 -1 -1 -1 -1 -1 -1 -1 -1 -1 -1 -1 -1 -1 -1 -1 -1 -1 -1 -1 -1 -1 -1 -1 -1 -1 -1 -1 -1 -1 -1 -1 -1 
-1 345 345 345 345 345 345 345 345 345 345 345 345 345 345 345 345 345 345 345 345 345 345 345 345 345 345 346 347 348 349 350 351 352 353 354 355 356 357 358 359 360 361 365 365 365 365 369 369 369 369 370 371 372 373 374 375 376 377 378 379 380 381 382 383 384 385 386 387 388 389 390 391 392 393 394 395 396 397 398 399 400 401 402 403 404 405 406 407 408 409 410 -1 -1 -1 -1 -1 -1 -1 -1 -1 -1 -1 -1 -1 -1 -1 -1 -1 -1 -1 -1 -1 -1 -1 -1 -1 -1 -1 -1 -1 -1 -1 -1 -1 -1 -1 -1 
-1 344 344 344 344 344 344 344 344 344 344 344 344 344 344 344 344 344 344 344 344 344 344 344 344 344 345 346 347 348 349 350 351 352 353 354 355 356 357 358 359 360 364 364 364 364 368 368 368 368 369 370 371 372 373 374 375 376 377 378 379 380 381 382 383 384 385 386 387 388 389 390 391 392 393 394 395 396 397 398 399 400 401 402 403 404 405 406 407 408 409 410 -1 -1 -1 -1 -1 -1 -1 -1 -1 -1 -1 -1 -1 -1 -1 -1 -1 -1 -1 -1 -1 -1 -1 -1 -1 -1 -1 -1 -1 -1 -1 -1 -1 -1 -1 -1 
-1 343 343 343 343 343 343 343 343 343 343 343 343 343 343 343 343 343 343 343 343 343 343 343 343 344 345 346 347 348 349 350 351 352 353 354 355 356 357 358 359 363 363 363 363 367 367 367 367 368 369 370 371 372 373 374 375 376 377 378 379 380 381 382 383 384 385 386 387 388 389 390 391 392 393 394 395 396 397 398 399 400 401 402 403 404 405 406 407 408 409 410 -1 -1 -1 -1 -1 -1 -1 -1 -1 -1 -1 -1 -1 -1 -1 -1 -1 -1 -1 -1 -1 -1 -1 -1 -1 -1 -1 -1 -1 -1 -1 -1 -1 -1 -1 -1 
-1 342 342 342 342 342 342 342 342 342 342 342 342 342 342 342 342 342 342 342 342 342 342 342 343 344 345 346 347 348 349 350 351 352 353 354 355 356 357 358 362 362 362 362 363 366 366 366 367 368 369 370 371 372 373 374 375 376 377 378 379 380 381 382 383 384 385 386 387 388 389 390 391 392 393 394 395 396 397 398 399 400 401 402 403 404 405 406 407 408 409 410 -1 -1 -1 -1 -1 -1 -1 -1 -1 -1 -1 -1 -1 -1 -1 -1 -1 -1 -1 -1 -1 -1 -1 -1 -1 -1 -1 -1 -1 -1 -1 -1 -1 -1 -1 -1 
-1 341 341 341 341 341 341 341 341 341 341 341 341 341 341 341 341 341 341 341 341 341 341 342 343 344 345 346 347 348 349 350 351 352 353 354 355 356 357 358 361 361 361 362 363 364 365 366 367 368 369 370 371 372 373 374 375 376 377 378 379 380 381 382 383 384 385 386 387 388 389 390 391 392 393 394 395 396 397 398 399 400 401 402 403 404 405 406 407 408 409 410 -1 -1 -1 -1 -1 -1 -1 -1 -1 -1 -1 -1 -1 -1 -1 -1 -1 -1 -1 -1 -1 -1 -1 -1 -1 -1 -1 -1 -1 -1 -1 -1 -1 -1 -1 -1 
-1 340 340 340 340 340 340 340 340 340 340 340 340 340 340 340 340 340 340 340 340 340 341 342 343 344 345 346 347 348 349 350 351 352 353 354 355 356 357 358 359 360 361 362 363 364 365 366 367 368 369 370 371 372 373 374 375 376 377 378 379 380 381 382 383 384 385 386 387 388 389 390 391 392 393 394 395 396 397 398 399 400 401 402 403 404 405 406 407 408 409 410 -1 -1 -1 -1 -1 -1 -1 -1 -1 -1 -1 -1 -1 -1 -1 -1 -1 -1 -1 -1 -1 -1 -1 -1 -1 -1 -1 -1 -1 -1 -1 -1 -1 -1 -1 -1 
-1 339 339 339 339 339 339 339 339 339 339 339 339 339 339 339 339 339 339 339 339 340 341 342 343 344 345 346 347 348 349 350 351 352 353 354 355 356 357 358 359 360 361 362 363 364 365 366 367 368 369 370 371 372 373 374 375 376 377 378 379 380 381 382 383 384 385 386 387 388 389 390 391 392 393 394 395 396 397 398 399 400 401 402 403 404 405 406 407 408 409 410 -1 -1 -1 -1 -1 -1 -1 -1 -1 -1 -1 -1 -1 -1 -1 -1 -1 -1 -1 -1 -1 -1 -1 -1 -1 -1 -1 -1 -1 -1 -1 -1 -1 -1 -1 -1 
-1 338 338 338 338 338 338 338 338 338 338 338 338 338 338 338 338 338 338 338 339 340 341 342 343 344 345 346 347 348 349 350 351 352 353 354 355 356 357 358 359 360 361 362 363 364 365 366 367 368 369 370 371 372 373 374 375 376 377 378 379 380 381 382 383 384 385 386 387 388 389 390 391 392 393 394 395 396 397 398 399 400 401 402 403 404 405 406 407 408 409 410 -1 -1 -1 -1 -1 -1 -1 -1 -1 -1 -1 -1 -1 -1 -1 -1 -1 -1 -1 -1 -1 -1 -1 -1 -1 -1 -1 -1 -1 -1 -1 -1 -1 -1 -1 -1 
-1 337 337 337 337 337 337 337 337 337 337 337 337 337 337 337 337 337 337 338 339 340 341 342 343 344 345 346 347 348 349 350 351 352 353 354 355 356 357 358 359 360 361 362 363 364 365 366 367 368 369 370 371 372 373 374 375 376 377 378 379 380 381 382 383 384 385 386 387 388 389 390 391 392 393 394 395 396 397 398 399 400 401 402 403 404 405 406 407 408 409 410 -1 -1 -1 -1 -1 -1 -1 -1 -1 -1 -1 -1 -1 -1 -1 -1 -1 -1 -1 -1 -1 -1 -1 -1 -1 -1 -1 -1 -1 -1 -1 -1 -1 -1 -1 -1 
-1 336 336 336 336 336 336 336 336 336 336 336 336 336 336 336 336 336 337 338 339 340 341 342 343 344 345 346 347 348 349 350 351 352 353 354 355 356 357 358 361 361 361 362 363 364 365 366 367 368 369 370 371 372 373 374 375 376 377 378 379 380 381 382 383 384 385 386 387 388 389 390 391 392 393 394 395 396 397 398 399 400 401 402 403 404 405 406 407 408 409 410 -1 -1 -1 -1 -1 -1 -1 -1 -1 -1 -1 -1 -1 -1 -1 -1 -1 -1 -1 -1 -1 -1 -1 -1 -1 -1 -1 -1 -1 -1 -1 -1 -1 -1 -1 -1 
-1 335 335 335 335 335 335 335 335 335 335 335 335 335 335 335 335 336 337 338 339 340 341 342 343 344 345 346 347 348 349 350 351 352 353 354 355 356 357 358 362 362 362 362 363 366 366 366 367 368 369 370 371 372 373 374 375 376 377 378 381 381 381 382 383 384 385 386 387 388 389 390 391 392 393 394 395 396 397 398 399 400 401 402 403 404 405 406 407 408 409 410 -1 -1 -1 -1 -1 -1 -1 -1 -1 -1 -1 -1 -1 -1 -1 -1 -1 -1 -1 -1 -1 -1 -1 -1 -1 -1 -1 -1 -1 -1 -1 -1 -1 -1 -1 -1 
-1 334 334 334 334 334 334 334 334 334 334 334 334 334 334 334 335 336 337 338 339 340 341 342 343 344 345 346 347 348 349 350 351 352 353 354 355 356 357 358 359 363 363 363 363 367 367 367 367 368 369 370 371 372 373 374 375 376 377 382 382 382 382 382 383 384 385 386 389 389 389 390 391 392 393 394 395 396 397 398 399 400 401 402 403 404 405 406 407 408 409 410 -1 -1 -1 -1 -1 -1 -1 -1 -1 -1 -1 -1 -1 -1 -1 -1 -1 -1 -1 -1 -1 -1 -1 -1 -1 -1 -1 -1 -1 -1 -1 -1 -1 -1 -1 -1 
-1 333 333 333 333 333 333 333 333 333 333 333 333 333 333 334 335 336 337 338 339 340 341 342 343 344 345 346 347 348 349 350 351 352 353 354 355 356 357 358 359 360 364 364 364 364 368 368 368 368 369 370 371 372 373 374 375 376 383 383 383 383 383 383 383 384 385 390 390 390 391 391 391 392 393 394 395 396 397 398 399 400 401 402 403 404 405 406 407 408 409 410 -1 -1 -1 -1 -1 -1 -1 -1 -1 -1 -1 -1 -1 -1 -1 -1 -1 -1 -1 -1 -1 -1 -1 -1 -1 -1 -1 -1 -1 -1 -1 -1 -1 -1 -1 -1 
-1 332 332 332 332 332 332 332 332 332 332 332 332 332 332 334 335 336 337 338 339 340 341 342 343 344 345 346 347 348 349 350 351 352 353 354 355 356 357 358 359 360 361 365 365 365 365 369 369 369 369 370 371 372 373 374 375 384 384 384 384 384 384 384 384 384 391 391 391 392 392 392 392 392 393 394 395 396 397 398 399 400 401 402 403 404 405 406 407 408 409 410 -1 -1 -1 -1 -1 -1 -1 -1 -1 -1 -1 -1 -1 -1 -1 -1 -1 -1 -1 -1 -1 -1 -1 -1 -1 -1 -1 -1 -1 -1 -1 -1 -1 -1 -1 -1 
-1 331 331 331 331 331 331 331 331 331 331 331 331 331 332 333 335 336 337 338 339 340 341 342 343 344 345 346 347 348 349 350 351 352 353 354 355 356 357 358 359 360 361 362 366 366 366 366 370 370 370 370 371 372 373 374 385 385 385 385 385 385 385 385 385 392 392 392 393 393 393 393 393 393 393 394 395 396 397 398 399 400 401 402 403 404 405 406 407 408 409 410 -1 -1 -1 -1 -1 -1 -1 -1 -1 -1 -1 -1 -1 -1 -1 -1 -1 -1 -1 -1 -1 -1 -1 -1 -1 -1 -1 -1 -1 -1 -1 -1 -1 -1 -1 -1 
-1 330 330 330 330 330 330 330 330 330 330 330 330 330 332 333 334 336 337 338 339 340 341 342 343 344 345 346 347 348 349 350 351 352 353 354 355 356 357 358 359 360 361 362 363 367 367 367 367 371 371 371 371 372 373 386 386 386 386 386 386 386 386 386 393 393 393 394 394 394 394 394 394 394 394 394 395 396 397 398 399 400 401 402 403 404 405 406 407 408 409 418 -1 -1 -1 -1 -1 -1 -1 -1 -1 -1 -1 -1 -1 -1 -1 -1 -1 -1 -1 -1 -1 -1 -1 -1 -1 -1 -1 -1 -1 -1 -1 -1 -1 -1 -1 -1 
-1 329 329 329 329 329 329 329 329 329 329 329 329 329 329 333 334 335 337 338 339 340 341 342 343 344 345 346 347 348 349 350 351 352 353 354 355 356 357 358 359 360 361 362 363 364 368 368 368 368 372 372 372 372 387 387 387 387 387 387 387 387 387 394 394 394 395 395 395 395 395 395 395 395 395 395 395 396 397 398 399 400 401 402 403 404 405 406 407 408 417 418 -1 -1 -1 -1 -1 -1 -1 -1 -1 -1 -1 -1 -1 -1 -1 -1 -1 -1 -1 -1 -1 -1 -1 -1 -1 -1 -1 -1 -1 -1 -1 -1 -1 -1 -1 -1 
-1 328 328 328 328 328 328 328 328 328 328 328 328 328 329 330 334 335 336 338 339 340 341 342 343 344 345 346 347 348 349 350 351 352 353 354 355 356 357 358 359 360 361 362 363 364 365 369 369 369 369 373 373 388 388 388 388 388 388 388 388 388 395 395 395 396 396 396 396 396 396 396 396 396 396 396 396 396 397 398 399 400 401 402 403 404 405 406 407 416 417 418 -1 -1 -1 -1 -1 -1 -1 -1 -1 -1 -1 -1 -1 -1 -1 -1 -1 -1 -1 -1 -1 -1 -1 -1 -1 -1 -1 -1 -1 -1 -1 -1 -1 -1 -1 -1 
-1 327 327 327 327 327 327 327 327 327 327 327 327 328 329 330 331 335 336 337 339 340 341 342 343 344 345 346 347 348 349 350 351 352 353 354 355 356 357 358 359 360 361 362 363 364 365 366 370 370 370 370 389 389 389 389 389 389 389 389 389 396 396 396 397 397 397 397 397 397 397 397 397 397 397 397 397 397 397 398 399 400 401 402 403 404 405 406 415 416 417 419 -1 -1 -1 -1 -1 -1 -1 -1 -1 -1 -1 -1 -1 -1 -1 -1 -1 -1 -1 -1 -1 -1 -1 -1 -1 -1 -1 -1 -1 -1 -1 -1 -1 -1 -1 -1 
-1 326 326 326 326 326 326 326 326 326 326 326 326 328 329 330 331 332 336 337 338 340 341 342 343 344 345 346 347 348 349 350 351 352 353 354 355 356 357 358 359 360 361 362 363 364 365 366 367 371 371 390 390 390 390 390 390 390 390 390 397 397 397 398 398 398 398 398 398 398 398 398 398 398 398 398 398 398 398 398 399 400 401 402 403 404 405 414 415 416 418 419 -1 -1 -1 -1 -1 -1 -1 -1 -1 -1 -1 -1 -1 -1 -1 -1 -1 -1 -1 -1 -1 -1 -1 -1 -1 -1 -1 -1 -1 -1 -1 -1 -1 -1 -1 -1 
-1 325 325 325 325 325 325 325 325 325 325 325 325 325 329 330 331 332 333 337 338 339 341 342 343 344 345 346 347 348 349 350 351 352 353 354 355 356 357 358 359 360 361 362 363 364 365 366 367 368 391 391 391 391 391 391 391 391 391 398 398 398 399 399 399 399 399 399 399 399 399 399 399 399 399 399 399 399 399 399 399 400 401 402 403 404 413 414 415 417 418 419 -1 -1 -1 -1 -1 -1 -1 -1 -1 -1 -1 -1 -1 -1 -1 -1 -1 -1 -1 -1 -1 -1 -1 -1 -1 -1 -1 -1 -1 -1 -1 -1 -1 -1 -1 -1 
-1 324 324 324 324 324 324 324 324 324 324 324 324 324 324 330 331 332 333 334 338 339 340 342 343 344 345 346 347 348 349 350 351 352 353 354 355 356 357 358 359 360 361 362 363 364 365 366 367 392 392 392 392 392 392 392 392 392 399 399 399 400 400 400 400 400 400 400 400 400 400 400 400 400 400 400 400 400 400 400 400 400 401 402 403 412 413 414 416 417 418 419 -1 -1 -1 -1 -1 -1 -1 -1 -1 -1 -1 -1 -1 -1 -1 -1 -1 -1 -1 -1 -1 -1 -1 -1 -1 -1 -1 -1 -1 -1 -1 -1 -1 -1 -1 -1 
-1 323 323 323 323 323 323 323 323 323 323 323 323 323 323 323 331 332 333 334 335 339 340 341 343 344 345 346 347 348 349 350 351 352 353 354 355 356 357 358 359 360 361 362 363 364 365 366 393 393 393 393 393 393 393 393 393 400 400 400 401 401 401 401 401 401 401 401 401 401 401 401 401 401 401 401 401 401 401 401 401 401 401 402 411 412 413 415 416 417 418 419 420 421 422 423 424 425 426 427 428 429 430 431 432 433 434 435 436 437 438 439 440 441 442 443 444 445 446 447 448 449 450 451 452 453 454 -1 
-1 322 322 322 322 322 322 322 322 322 322 322 322 322 322 322 322 332 333 334 335 336 340 341 342 344 345 346 347 348 349 350 351 352 353 354 355 356 357 358 359 360 361 362 363 364 365 394 394 394 394 394 394 394 394 394 401 401 401 402 402 402 402 402 402 402 402 402 402 402 402 402 402 402 402 402 402 402 402 402 402 402 402 410 411 412 414 415 416 417 418 419 420 421 422 423 424 425 426 427 428 429 430 431 432 433 434 435 436 437 438 439 440 441 442 443 444 445 446 447 448 449 450 451 452 453 454 -1 
-1 321 321 321 321 321 321 321 321 321 321 321 321 321 321 321 321 321 333 334 335 336 337 341 342 343 345 346 347 348 349 350 351 352 353 354 355 356 357 358 359 360 361 362 363 364 395 395 395 395 395 395 395 395 395 402 402 402 403 403 403 403 403 403 403 403 403 403 403 403 403 403 403 403 403 403 403 403 403 403 403 403 409 410 411 413 414 415 416 417 418 419 420 421 422 423 424 425 426 427 428 429 430 431 432 433 434 435 436 437 438 439 440 441 442 443 444 445 446 447 448 449 450 451 452 453 454 -1 
-1 320 320 320 320 320 320 320 320 320 320 320 320 320 320 320 320 320 320 334 335 336 337 338 342 343 344 346 347 348 349 350 351 352 353 354 355 356 357 358 359 360 361 362 363 396 396 396 396 396 396 396 396 396 403 403 403 404 404 404 404 404 404 404 404 404 404 404 404 404 404 404 404 404 404 404 404 404 404 404 404 408 409 410 412 413 414 415 416 417 418 419 420 421 422 423 424 425 426 427 428 429 430 431 432 433 434 435 436 437 438 439 440 441 442 443 444 445 446 447 448 449 450 451 452 453 454 -1 
-1 319 319 319 319 319 319 319 319 319 319 319 319 319 319 319 319 319 319 319 335 336 337 338 339 343 344 345 347 348 349 350 351 352 353 354 355 356 357 358 359 360 361 362 397 397 397 397 397 397 397 397 397 404 404 404 405 405 405 405 405 405 405 405 405 405 405 405 405 405 405 405 405 405 405 405 405 405 405 405 407 408 409 411 412 413 414 415 416 417 418 419 420 421 422 423 424 425 426 427 428 429 430 431 432 433 434 435 436 437 438 439 440 441 442 443 444 445 446 447 448 449 450 451 452 453 454 -1 
-1 318 318 318 318 318 318 318 318 318 318 318 318 318 318 318 318 318 318 318 318 336 337 338 339 340 344 345 346 348 349 350 351 352 353 354 355 356 357 358 359 360 361 398 398 398 398 398 398 398 398 398 405 405 405 406 406 406 406 406 406 406 406 406 406 406 406 406 406 406 406 406 406 406 406 406 406 406 406 406 407 408 410 411 412 413 414 415 416 417 418 419 420 421 422 423 424 425 426 427 428 429 430 431 432 433 434 435 436 437 438 439 440 441 442 443 444 445 446 447 448 449 450 451 452 453 454 -1 
-1 317 317 317 317 317 317 317 317 317 317 317 317 317 317 317 317 317 317 317 317 317 337 338 339 340 341 345 346 347 349 350 351 352 353 354 355 356 357 358 359 360 361 362 399 399 399 399 399 399 399 406 406 406 407 407 407 407 407 407 407 407 407 407 407 407 407 407 407 407 407 407 407 407 407 407 407 407 407 407 407 409 410 411 412 413 414 415 416 417 418 419 420 421 422 423 424 425 426 427 428 429 430 431 432 433 434 435 436 437 438 439 440 441 442 443 444 445 446 447 448 449 450 451 452 453 454 -1 
-1 316 316 316 316 316 316 316 316 316 316 316 316 316 316 316 316 316 316 316 316 316 316 338 339 340 341 342 346 347 348 350 351 352 353 354 355 356 357 358 359 360 361 362 363 400 400 400 400 400 407 407 407 408 408 408 408 408 408 408 408 408 408 408 408 408 408 408 408 408 408 408 408 408 408 408 408 408 408 408 408 409 410 411 412 413 414 415 416 417 418 419 420 421 422 423 424 425 426 427 428 429 430 431 432 433 434 435 436 437 438 439 440 441 442 443 444 445 446 447 448 449 450 451 452 453 454 -1 
-1 315 315 315 315 315 315 315 315 315 315 315 315 315 315 315 315 315 315 315 315 315 315 315 339 340 341 342 343 347 348 349 351 352 353 354 355 356 357 358 359 360 361 362 363 364 401 401 401 408 408 408 409 409 409 409 409 409 409 409 409 409 409 409 409 409 409 409 409 409 409 409 409 409 409 409 409 409 409 409 409 409 410 411 412 413 414 415 416 417 418 419 420 421 422 423 424 425 426 427 428 429 430 431 432 433 434 435 436 437 438 439 440 441 442 443 444 445 446 447 448 449 450 451 452 453 454 -1 
-1 314 314 314 314 314 314 314 314 314 314 314 314 314 314 314 314 314 314 314 314 314 314 314 314 340 341 342 343 344 348 349 350 352 353 354 355 356 357 358 359 360 361 362 363 364 365 402 409 409 409 410 410 410 410 410 410 410 410 410 410 410 410 410 410 410 410 410 410 410 410 410 410 410 410 410 410 410 410 410 410 410 410 411 412 413 414 415 416 417 418 419 420 421 422 423 424 425 426 427 428 429 430 431 432 433 434 435 436 437 438 439 440 441 442 443 444 445 446 447 448 449 450 451 452 453 454 -1 
-1 313 313 313 313 313 313 313 313 313 313 313 313 313 313 313 313 313 313 313 313 313 313 313 313 313 341 342 343 344 345 349 350 351 353 354 355 356 357 358 359 360 361 362 363 364 365 410 410 410 411 411 411 411 411 411 411 411 411 411 411 411 411 411 411 411 411 411 411 411 411 411 411 411 411 411 411 411 411 411 411 411 411 411 412 413 414 415 416 417 418 419 420 421 422 423 424 425 426 427 428 429 430 431 432 433 434 435 436 437 438 439 440 441 442 443 444 445 446 447 448 449 450 451 452 453 454 -1 
-1 312 312 312 312 312 312 312 312 312 312 312 312 312 312 312 312 312 312 312 312 312 312 312 312 312 312 342 343 344 345 346 350 351 352 354 355 356 357 358 359 360 361 362 363 364 411 411 411 412 412 412 412 412 412 412 412 412 412 412 412 412 412 412 412 412 412 412 412 412 412 412 412 412 412 412 412 412 412 412 412 412 412 412 412 413 414 415 416 417 418 419 420 421 422 423 424 425 426 427 428 429 430 431 432 433 434 435 436 437 438 439 440 441 442 443 444 445 446 447 448 449 450 451 452 453 454 -1 
-1 312 311 311 311 311 311 311 311 311 311 311 311 311 311 311 311 311 311 311 311 311 311 311 311 311 312 313 343 344 345 346 347 351 352 353 355 356 357 358 359 360 361 362 363 412 412 412 413 413 413 413 413 413 413 413 413 413 413 413 413 413 413 413 413 413 413 413 413 413 413 413 413 413 413 413 413 413 413 413 413 413 413 413 413 413 414 415 416 417 418 419 420 421 422 423 424 425 426 427 428 429 430 431 432 433 434 435 436 437 438 439 440 441 442 443 444 445 446 447 448 449 450 451 452 453 454 -1 
-1 312 311 310 310 310 310 310 310 310 310 310 310 310 310 310 310 310 310 310 310 310 310 310 310 311 312 313 314 344 345 346 347 348 352 353 354 356 357 358 359 360 361 362 413 413 413 414 414 414 414 414 414 414 414 414 414 414 414 414 414 414 414 414 414 414 414 414 414 414 414 414 414 414 414 414 414 414 414 414 414 414 414 414 414 414 414 415 416 417 418 419 420 421 422 423 424 425 426 427 428 429 430 431 432 433 434 435 436 437 438 439 440 441 442 443 444 445 446 447 448 449 450 451 452 453 454 -1 
-1 312 311 310 309 309 309 309 309 309 309 309 309 309 309 309 309 309 309 309 309 309 309 309 310 311 312 313 314 315 345 346 347 348 349 353 354 355 357 358 359 360 361 362 414 414 415 415 415 415 415 415 415 415 415 415 415 415 415 415 415 415 415 415 415 415 415 415 415 415 415 415 415 415 415 415 415 415 415 415 415 415 415 415 415 415 415 415 416 417 418 419 420 421 422 423 424 425 428 428 428 429 430 431 432 433 434 435 436 437 438 439 440 441 442 443 444 445 446 447 448 449 450 451 452 453 454 -1 
-1 308 311 310 309 308 308 308 308 308 308 308 308 308 308 308 308 308 308 308 308 308 308 309 310 311 312 313 314 315 316 346 347 348 349 350 354 355 356 358 359 360 361 362 363 416 416 416 416 416 416 416 416 416 416 416 416 416 416 416 416 416 416 416 416 416 416 416 416 416 416 416 416 416 416 416 416 416 416 416 416 416 416 416 416 416 416 416 416 417 418 419 420 421 422 423 424 429 429 429 429 429 430 431 432 433 436 436 436 437 438 439 440 441 442 443 444 445 446 447 448 449 450 451 452 453 454 -1 
-1 307 307 310 309 308 307 307 307 307 307 307 307 307 307 307 307 307 307 307 307 307 308 309 310 311 312 313 314 315 316 317 347 348 349 350 351 355 356 357 359 360 361 362 417 417 417 417 417 417 417 417 417 417 417 417 417 417 417 417 417 417 417 417 417 417 417 417 417 417 417 417 417 417 417 417 417 417 417 417 417 417 417 417 417 417 417 417 417 417 418 419 420 421 422 423 430 430 430 430 430 430 430 431 432 437 437 437 438 438 438 439 440 441 442 443 444 445 446 447 448 449 450 451 452 453 454 -1 
-1 306 306 306 309 308 307 306 306 306 306 306 306 306 306 306 306 306 306 306 306 307 308 309 310 311 312 313 314 315 316 317 318 348 349 350 351 352 356 357 358 360 361 362 418 418 418 418 418 418 418 418 418 418 418 418 418 418 418 418 418 418 418 418 418 418 418 418 418 418 418 418 418 418 418 418 418 418 418 418 418 418 418 418 418 418 418 418 418 418 418 419 420 421 422 431 431 431 431 431 431 431 431 431 438 438 438 439 439 439 439 439 440 441 442 443 444 445 446 447 448 449 450 451 452 453 454 -1 
-1 305 305 305 305 308 307 305 305 305 305 305 305 305 305 305 305 305 305 305 306 307 308 309 310 311 312 313 314 315 316 317 318 319 349 350 351 352 353 357 358 359 361 362 419 419 419 419 419 419 419 419 419 419 419 419 419 419 419 419 419 419 419 419 419 419 419 419 419 419 419 419 419 419 419 419 419 419 419 419 419 419 419 419 419 419 419 419 419 419 419 419 420 421 432 432 432 432 432 432 432 432 432 439 439 439 440 440 440 440 440 440 440 441 442 443 444 445 446 447 448 449 450 451 452 453 454 -1 
-1 304 304 304 304 304 304 304 304 304 304 304 304 304 304 304 304 304 304 -1 -1 -1 -1 -1 -1 -1 -1 -1 -1 -1 -1 -1 -1 -1 -1 -1 -1 -1 -1 -1 -1 -1 -1 -1 -1 -1 -1 -1 -1 -1 -1 -1 -1 -1 -1 -1 -1 -1 -1 -1 -1 -1 -1 -1 -1 -1 -1 -1 -1 -1 -1 -1 -1 -1 -1 -1 -1 -1 -1 -1 -1 -1 -1 -1 -1 -1 -1 -1 -1 -1 -1 -1 -1 -1 -1 -1 -1 433 433 433 433 433 440 440 440 441 441 441 441 441 441 441 441 441 442 443 444 445 446 447 448 449 450 451 452 453 454 -1 
-1 303 303 303 303 303 303 303 303 303 303 303 303 303 303 303 303 303 303 -1 -1 -1 -1 -1 -1 -1 -1 -1 -1 -1 -1 -1 -1 -1 -1 -1 -1 -1 -1 -1 -1 -1 -1 -1 -1 -1 -1 -1 -1 -1 -1 -1 -1 -1 -1 -1 -1 -1 -1 -1 -1 -1 -1 -1 -1 -1 -1 -1 -1 -1 -1 -1 -1 -1 -1 -1 -1 -1 -1 -1 -1 -1 -1 -1 -1 -1 -1 -1 -1 -1 -1 -1 -1 -1 -1 -1 -1 434 434 434 434 441 441 441 442 442 442 442 442 442 442 442 442 442 442 443 444 445 446 447 448 449 450 451 452 453 454 -1 
-1 302 302 302 302 302 302 302 302 302 302 302 302 302 302 302 302 302 302 -1 -1 -1 -1 -1 -1 -1 -1 -1 -1 -1 -1 -1 -1 -1 -1 -1 -1 -1 -1 -1 -1 -1 -1 -1 -1 -1 -1 -1 -1 -1 -1 -1 -1 -1 -1 -1 -1 -1 -1 -1 -1 -1 -1 -1 -1 -1 -1 -1 -1 -1 -1 -1 -1 -1 -1 -1 -1 -1 -1 -1 -1 -1 -1 -1 -1 -1 -1 -1 -1 -1 -1 -1 -1 -1 -1 -1 -1 435 435 435 442 442 442 443 443 443 443 443 443 443 443 443 443 443 443 443 444 445 446 447 448 449 450 451 452 453 454 -1 
-1 301 301 301 301 301 301 301 301 301 301 301 301 301 301 301 301 301 301 -1 -1 -1 -1 -1 -1 -1 -1 -1 -1 -1 -1 -1 -1 -1 -1 -1 -1 -1 -1 -1 -1 -1 -1 -1 -1 -1 -1 -1 -1 -1 -1 -1 -1 -1 -1 -1 -1 -1 -1 -1 -1 -1 -1 -1 -1 -1 -1 -1 -1 -1 -1 -1 -1 -1 -1 -1 -1 -1 -1 -1 -1 -1 -1 -1 -1 -1 -1 -1 -1 -1 -1 -1 -1 -1 -1 -1 -1 436 436 443 443 443 444 444 444 444 444 444 444 444 444 444 444 444 444 444 444 445 446 447 448 449 450 451 452 453 454 -1 
-1 300 300 300 300 300 300 300 300 300 300 300 300 300 300 300 300 300 300 300 300 300 300 300 300 300 300 300 272 271 270 269 268 267 266 265 264 263 262 261 260 259 258 257 256 255 254 253 252 251 250 249 248 247 246 245 244 243 242 241 240 239 239 239 239 239 239 239 239 239 239 239 237 237 237 237 237 237 237 237 237 237 237 237 237 237 237 -1 -1 -1 -1 -1 -1 -1 -1 -1 -1 437 444 444 444 445 445 445 445 445 445 445 445 445 445 445 445 445 445 445 445 445 446 447 448 449 450 451 452 453 454 -1 
-1 299 299 299 299 299 299 299 299 299 299 299 299 299 299 299 299 299 299 299 299 299 299 299 299 299 299 299 272 271 270 269 268 267 266 265 264 263 262 261 260 259 258 257 256 255 254 253 252 251 250 249 248 247 246 245 244 243 242 241 240 239 238 238 238 238 238 238 238 238 238 236 236 236 236 236 236 236 236 236 236 236 236 236 236 236 236 -1 -1 -1 -1 -1 -1 -1 -1 -1 -1 445 445 445 446 446 446 446 446 446 446 446 446 446 446 446 446 446 446 446 446 446 446 447 448 449 450 451 452 453 454 -1 
-1 299 298 298 298 298 298 298 298 298 298 298 298 298 298 298 298 298 298 298 298 298 298 298 298 298 298 273 272 271 270 269 268 267 266 265 264 263 262 261 260 259 258 257 256 255 254 253 252 251 250 249 248 247 246 245 244 243 242 241 240 239 238 237 237 237 237 237 237 237 235 235 235 235 235 235 235 235 235 235 235 235 235 235 235 235 235 -1 -1 -1 -1 -1 -1 -1 -1 -1 -1 446 446 447 447 447 447 447 447 447 447 447 447 447 447 447 447 447 447 447 447 447 447 447 448 449 450 451 452 453 454 -1 
-1 299 298 297 297 297 297 297 297 297 297 297 297 297 297 297 297 297 297 297 297 297 297 297 297 297 296 273 272 271 270 269 268 267 266 265 264 263 262 261 260 259 258 257 256 255 254 253 252 251 250 249 248 247 246 245 244 243 242 241 240 239 238 237 236 236 236 236 236 234 234 234 234 234 234 234 234 234 234 234 234 234 234 234 234 234 234 -1 -1 -1 -1 -1 -1 -1 -1 -1 -1 0 0 0 0 0 0 0 0 0 0 0 0 0 0 0 0 0 0 0 0 0 0 0 0 0 0 0 0 0 0 -1 
-1 299 298 297 296 296 296 296 296 296 296 296 296 296 296 296 296 296 296 296 296 296 296 296 296 295 295 295 272 271 270 269 268 267 266 265 264 263 262 261 260 259 258 257 256 255 254 253 252 251 250 249 248 247 246 245 244 243 242 241 240 239 238 237 236 235 235 235 233 233 233 233 233 233 233 233 233 233 233 233 233 233 233 233 233 233 233 -1 -1 -1 -1 -1 -1 -1 -1 -1 -1 14 13 12 11 10 9 8 7 6 5 4 3 2 1 1 1 1 1 1 1 1 1 1 2 3 4 5 6 7 8 -1 
-1 299 298 297 296 295 295 295 295 295 295 295 295 295 295 295 295 295 295 295 295 295 295 295 294 294 294 273 272 271 270 269 268 267 266 265 264 263 262 261 260 259 258 257 256 255 254 253 252 251 250 249 248 247 246 245 244 243 242 241 240 239 238 237 236 235 234 233 232 232 232 232 232 232 232 232 232 232 232 232 232 232 232 232 232 232 232 -1 -1 -1 -1 -1 -1 -1 -1 -1 -1 14 13 12 11 10 9 8 7 6 5 4 3 2 2 2 2 2 2 2 2 2 2 2 2 3 4 5 6 7 8 -1 
-1 299 298 297 296 295 294 294 294 294 294 294 294 294 294 294 294 294 294 294 294 294 294 293 293 293 274 273 272 271 270 269 268 267 266 265 264 263 262 261 260 259 258 257 256 255 254 253 252 251 250 249 248 247 246 245 244 243 242 241 240 239 238 237 236 235 234 233 232 231 231 231 231 231 231 231 231 231 231 231 231 231 231 231 231 231 231 -1 -1 -1 -1 -1 -1 -1 -1 -1 -1 14 13 12 11 10 9 8 7 6 5 4 3 3 3 3 3 3 3 3 3 3 3 3 3 3 4 5 6 7 8 -1 
-1 299 298 297 296 295 294 293 293 293 293 293 293 293 293 293 293 293 293 293 293 293 292 292 292 275 274 273 272 271 270 269 268 267 266 265 264 263 262 261 260 259 258 257 256 255 254 253 252 251 250 249 248 247 246 245 244 243 242 241 240 239 238 237 236 235 234 233 232 231 230 230 230 230 230 230 230 230 230 230 230 230 230 230 230 230 230 -1 -1 -1 -1 -1 -1 -1 -1 -1 -1 14 13 12 11 10 9 8 7 6 5 4 4 4 4 4 4 4 4 4 4 4 4 4 4 4 4 5 6 7 8 -1 
-1 299 298 297 296 295 294 293 292 292 292 292 292 292 292 292 292 292 292 292 292 291 291 291 276 275 274 273 272 271 270 269 268 267 266 265 264 263 262 261 260 259 258 257 256 255 254 253 252 251 250 249 248 247 246 245 244 243 242 241 240 239 238 237 236 235 234 233 232 231 230 229 229 229 229 229 229 229 229 229 229 229 229 229 229 229 229 -1 -1 -1 -1 -1 -1 -1 -1 -1 -1 14 13 12 11 10 9 8 7 6 5 5 5 5 5 5 5 5 5 5 5 5 5 5 5 5 5 5 6 7 8 -1 
-1 299 298 297 296 295 294 293 292 291 291 291 291 291 291 291 291 291 291 291 290 290 290 277 276 275 274 273 272 271 270 269 268 267 266 265 264 263 262 261 260 259 258 257 256 255 254 253 252 251 250 249 248 247 246 245 244 243 242 241 240 239 238 237 236 235 234 233 232 231 230 229 228 228 228 228 228 228 228 228 228 228 228 228 228 228 228 -1 -1 -1 -1 -1 -1 -1 -1 -1 -1 14 13 12 11 10 9 8 7 6 6 6 6 6 6 6 6 6 6 6 6 6 6 6 6 6 6 6 6 7 8 -1 
-1 299 298 297 296 295 294 293 292 291 290 290 290 290 290 290 290 290 290 289 289 289 278 277 276 275 274 273 272 271 270 269 268 267 266 265 264 263 262 261 260 259 258 257 256 255 254 253 252 251 250 249 248 247 246 245 244 243 242 241 240 239 238 237 236 235 234 233 232 231 230 229 228 227 227 227 227 227 227 227 227 227 227 227 227 227 227 -1 -1 -1 -1 -1 -1 -1 -1 -1 -1 14 13 12 11 10 9 8 7 7 7 7 7 7 7 7 7 7 7 7 7 7 7 7 7 7 7 7 7 7 8 -1 
-1 299 298 297 296 295 294 293 292 291 290 289 289 289 289 289 289 289 288 288 288 279 278 277 276 275 274 273 272 271 270 269 268 267 266 265 264 263 262 261 260 259 258 257 256 255 254 253 252 251 250 249 248 247 247 247 244 243 242 241 240 239 238 237 236 235 234 233 232 231 230 229 228 226 226 226 226 226 226 226 226 226 226 226 226 226 226 -1 -1 -1 -1 -1 -1 -1 -1 -1 -1 14 13 12 11 10 9 8 8 8 8 8 8 8 8 8 8 8 8 8 8 8 8 8 8 8 8 8 8 8 8 -1 
-1 299 298 297 296 295 294 293 292 291 290 289 288 288 288 288 288 287 287 287 280 279 278 277 276 275 274 273 272 271 270 269 268 267 266 265 264 263 262 261 260 259 258 257 256 255 254 253 252 251 250 249 249 249 248 248 248 243 242 241 240 239 238 237 236 235 234 233 232 231 230 229 227 226 225 225 225 225 225 225 225 225 225 225 225 225 225 -1 -1 -1 -1 -1 -1 -1 -1 -1 -1 14 13 12 11 10 9 9 9 9 9 9 9 9 9 9 9 9 9 9 9 9 9 9 9 9 9 9 9 9 9 -1 
-1 299 298 297 296 295 294 293 292 291 290 289 288 287 287 287 286 286 286 281 280 279 278 277 276 275 274 273 272 271 270 269 268 267 266 265 264 263 262 261 260 259 258 257 256 255 254 253 252 251 251 251 250 250 250 249 249 249 242 241 240 239 238 237 236 235 234 233 232 231 230 228 227 226 224 224 224 224 224 224 224 224 224 224 224 224 224 -1 -1 -1 -1 -1 -1 -1 -1 -1 -1 14 13 12 11 10 10 10 10 10 10 10 10 10 10 10 10 10 10 10 10 10 10 10 10 10 10 10 10 10 10 -1 
-1 299 298 297 296 295 294 293 292 291 290 289 288 287 286 285 285 285 282 281 280 279 278 277 276 275 274 273 272 271 270 269 268 267 266 265 264 263 262 261 260 259 258 257 256 255 254 254 254 252 252 252 252 251 251 251 250 250 250 241 240 239 238 237 236 235 234 233 232 231 229 228 227 223 223 223 223 223 223 223 223 223 223 223 223 223 223 -1 -1 -1 -1 -1 -1 -1 -1 -1 -1 41 13 12 11 11 11 11 11 11 11 11 11 11 11 11 11 11 11 11 11 11 11 11 11 11 11 11 11 11 11 -1 
-1 299 298 297 296 295 294 293 292 291 290 289 288 287 286 285 284 283 282 281 280 279 278 277 276 275 274 273 272 271 270 269 268 267 266 265 264 263 262 261 260 259 258 257 256 256 256 255 255 255 253 253 253 253 252 252 252 251 251 251 240 239 238 237 236 235 234 233 232 230 229 228 222 222 222 222 222 222 222 222 222 222 222 222 222 222 222 -1 -1 -1 -1 -1 -1 -1 -1 -1 -1 41 40 12 12 12 12 12 12 12 12 12 12 12 12 12 12 12 12 12 12 12 12 12 12 12 12 12 12 12 12 -1 
-1 299 298 297 296 295 294 293 292 291 290 289 288 287 286 285 284 283 282 281 280 279 278 277 276 275 274 273 272 271 270 269 268 267 266 265 264 263 262 261 260 259 258 258 258 257 257 257 256 256 256 254 254 254 254 253 253 -1 -1 -1 -1 -1 -1 -1 -1 -1 -1 233 231 230 229 221 221 221 221 221 221 221 221 221 221 221 221 221 221 221 221 -1 -1 -1 -1 -1 -1 -1 -1 -1 -1 41 40 39 13 13 13 13 13 13 13 13 13 13 13 13 13 13 13 13 13 13 13 13 13 13 13 13 13 13 13 -1 
-1 299 298 297 296 295 294 293 292 291 290 289 288 287 286 285 284 283 282 281 280 279 278 277 276 275 274 273 272 271 270 269 268 267 266 265 264 263 262 261 260 260 260 259 259 259 258 258 258 257 257 257 255 255 255 255 254 -1 -1 -1 -1 -1 -1 -1 -1 -1 -1 232 231 230 220 220 220 220 220 220 220 220 220 220 220 220 220 220 220 220 220 -1 -1 -1 -1 -1 -1 -1 -1 -1 -1 41 40 39 38 14 14 14 14 14 14 14 14 14 14 14 14 14 14 14 14 14 14 14 14 14 14 14 14 14 14 -1 
-1 299 298 297 296 295 294 293 292 291 290 289 288 287 286 285 284 283 282 281 280 279 278 277 276 275 274 273 272 271 270 269 268 267 266 265 264 263 262 262 262 261 261 261 260 260 260 259 259 259 258 258 258 256 256 256 256 -1 -1 -1 -1 -1 -1 -1 -1 -1 -1 232 231 219 219 219 219 219 219 219 219 219 219 219 219 219 219 219 219 219 219 -1 -1 -1 -1 -1 -1 -1 -1 -1 -1 41 40 39 38 37 15 15 15 15 15 15 15 15 15 15 15 15 15 15 15 15 15 15 15 15 15 15 15 15 15 -1 
-1 299 298 297 296 295 294 293 292 291 290 289 288 287 286 285 284 283 282 281 280 279 278 277 276 275 274 273 272 271 270 269 268 267 266 265 265 265 263 263 263 263 262 262 262 261 261 261 260 260 260 259 259 259 257 257 257 -1 -1 -1 -1 -1 -1 -1 -1 -1 -1 232 218 218 218 218 218 218 218 218 218 218 218 218 218 218 218 218 218 218 218 -1 -1 -1 -1 -1 -1 -1 -1 -1 -1 44 40 39 38 37 36 16 16 16 16 16 16 16 16 16 16 16 16 16 16 16 16 16 16 16 16 16 16 16 16 -1 
-1 299 298 297 296 295 294 293 292 291 290 289 288 287 286 285 284 283 282 281 280 279 278 277 276 275 274 273 272 271 270 269 269 269 266 266 266 266 266 264 264 264 264 263 263 263 262 262 262 261 261 261 260 260 260 258 258 -1 -1 -1 -1 -1 -1 -1 -1 -1 -1 217 217 217 217 217 217 217 217 217 217 217 217 217 217 217 217 217 217 217 217 -1 -1 -1 -1 -1 -1 -1 -1 -1 -1 44 43 39 38 37 36 35 17 17 17 17 17 17 17 17 17 17 17 17 17 17 17 17 17 17 17 17 17 17 17 -1 
-1 299 298 297 296 295 294 293 292 291 290 289 288 287 286 285 284 283 282 281 280 279 278 277 276 275 274 273 273 273 270 270 270 270 270 267 267 267 267 267 265 265 265 265 264 264 264 263 263 263 262 262 262 261 261 261 259 -1 -1 -1 -1 -1 -1 -1 -1 -1 -1 216 216 216 216 216 216 216 216 216 216 216 216 216 216 216 216 216 216 216 216 -1 -1 -1 -1 -1 -1 -1 -1 -1 -1 44 43 42 38 37 36 35 34 18 18 18 18 18 18 18 18 18 18 18 18 18 18 18 18 18 18 18 18 18 18 -1 
-1 299 298 297 296 295 294 293 292 291 290 289 288 287 286 285 284 283 282 281 280 279 278 277 277 277 274 274 274 274 274 271 271 271 271 271 268 268 268 268 268 266 266 266 266 265 265 265 264 264 264 263 263 263 262 262 262 -1 -1 -1 -1 -1 -1 -1 -1 -1 -1 215 215 215 215 215 215 215 215 215 215 215 215 215 215 215 215 215 215 215 215 -1 -1 -1 -1 -1 -1 -1 -1 -1 -1 45 43 42 41 37 36 35 34 33 19 19 19 19 19 19 19 19 19 19 19 19 19 19 19 19 19 19 19 19 19 -1 
-1 299 298 297 296 295 294 293 292 291 290 289 288 287 286 285 284 283 282 281 280 279 278 278 278 278 278 275 275 275 275 275 272 272 272 272 272 269 269 269 269 269 267 267 267 267 266 266 266 265 265 265 264 264 264 263 263 -1 -1 -1 -1 -1 -1 -1 -1 -1 -1 214 214 214 214 214 214 214 214 214 214 214 214 214 214 214 214 214 214 214 214 -1 -1 -1 -1 -1 -1 -1 -1 -1 -1 45 44 42 41 40 36 35 34 33 32 20 20 20 20 20 20 20 20 20 20 20 20 20 20 20 20 20 20 20 20 -1 
-1 299 298 297 296 295 294 293 292 291 290 289 288 287 286 285 284 283 282 281 280 279 279 279 279 279 279 279 276 276 276 276 276 273 273 273 273 273 270 270 270 270 270 268 268 268 268 267 267 267 266 266 266 265 265 265 264 -1 -1 -1 -1 -1 -1 -1 -1 -1 -1 213 213 213 213 213 213 213 213 213 213 213 213 213 213 213 213 213 213 213 213 -1 -1 -1 -1 -1 -1 -1 -1 -1 -1 45 44 43 41 40 39 35 34 33 32 31 21 21 21 21 21 21 21 21 21 21 21 21 21 21 21 21 21 21 21 -1 
-1 299 298 297 296 295 294 293 292 291 290 289 288 287 286 285 284 283 282 281 280 280 280 280 280 280 280 280 280 277 277 277 277 277 274 274 274 274 274 271 271 271 271 271 269 269 269 269 268 268 268 267 267 267 266 266 266 -1 -1 -1 -1 -1 -1 -1 -1 -1 -1 212 212 212 212 212 212 212 212 212 212 212 212 212 212 212 212 212 212 212 212 -1 -1 -1 -1 -1 -1 -1 -1 -1 -1 45 44 43 42 40 39 38 34 33 32 31 30 22 22 22 22 22 22 22 22 22 22 22 22 22 22 22 22 22 22 -1 
-1 299 298 297 296 295 294 293 292 291 290 289 288 287 286 285 284 283 282 281 281 281 281 281 281 281 281 281 281 281 278 278 278 278 278 275 275 275 275 275 272 272 272 272 272 270 270 270 270 269 269 269 268 268 268 267 267 -1 -1 -1 -1 -1 -1 -1 -1 -1 -1 212 211 211 211 211 211 211 211 211 211 211 211 211 211 211 211 211 211 211 212 -1 -1 -1 -1 -1 -1 -1 -1 -1 -1 45 44 43 42 41 39 38 37 33 32 31 30 29 23 23 23 23 23 23 23 23 23 23 23 23 23 23 23 23 23 -1 
-1 -1 -1 -1 -1 -1 -1 -1 -1 -1 -1 -1 -1 -1 -1 -1 -1 -1 -1 -1 -1 -1 -1 -1 -1 -1 -1 -1 -1 -1 -1 -1 -1 -1 -1 -1 -1 -1 -1 -1 -1 -1 -1 -1 -1 -1 -1 -1 -1 -1 -1 -1 -1 -1 -1 -1 -1 -1 -1 -1 -1 -1 -1 -1 -1 -1 -1 212 211 210 210 210 210 210 210 210 210 210 210 210 210 210 210 210 210 211 212 -1 -1 -1 -1 -1 -1 -1 -1 -1 -1 45 44 43 42 41 40 38 37 36 32 31 30 29 28 24 24 24 24 24 24 24 24 24 24 24 24 24 24 24 24 -1 
-1 -1 -1 -1 -1 -1 -1 -1 -1 -1 -1 -1 -1 -1 -1 -1 -1 -1 -1 -1 -1 -1 -1 -1 -1 -1 -1 -1 -1 -1 -1 -1 -1 -1 -1 -1 -1 -1 -1 -1 -1 -1 -1 -1 -1 -1 -1 -1 -1 -1 -1 -1 -1 -1 -1 -1 -1 -1 -1 -1 -1 -1 -1 -1 -1 -1 -1 212 211 210 209 209 209 209 209 209 209 209 209 209 209 209 209 209 210 211 212 -1 -1 -1 -1 -1 -1 -1 -1 -1 -1 45 44 43 42 41 40 39 37 36 35 31 30 29 28 27 25 25 25 25 25 25 25 25 25 25 25 25 25 25 25 -1 
-1 -1 -1 -1 -1 -1 -1 -1 -1 -1 -1 -1 -1 -1 -1 -1 -1 -1 -1 -1 -1 -1 -1 -1 -1 -1 -1 -1 -1 -1 -1 -1 -1 -1 -1 -1 -1 -1 -1 -1 -1 -1 -1 -1 -1 -1 -1 -1 -1 -1 -1 -1 -1 -1 -1 -1 -1 -1 -1 -1 -1 -1 -1 -1 -1 -1 -1 212 211 210 209 208 208 208 208 208 208 208 208 208 208 208 208 209 210 211 212 -1 -1 -1 -1 -1 -1 -1 -1 -1 -1 45 44 43 42 41 40 39 38 36 35 34 30 29 28 27 26 26 26 26 26 26 26 26 26 26 26 26 26 26 26 -1 
-1 -1 -1 -1 -1 -1 -1 -1 -1 -1 -1 -1 -1 -1 -1 -1 -1 -1 -1 -1 -1 -1 -1 -1 -1 -1 -1 -1 -1 -1 -1 -1 -1 -1 -1 -1 -1 -1 -1 -1 -1 -1 -1 -1 -1 -1 -1 -1 -1 -1 -1 -1 -1 -1 -1 -1 -1 -1 -1 -1 -1 -1 -1 -1 -1 -1 -1 -1 -1 -1 -1 -1 207 207 207 207 207 207 207 207 207 207 -1 -1 -1 -1 -1 -1 -1 -1 -1 -1 -1 -1 -1 -1 -1 45 44 43 42 41 40 39 38 37 35 34 33 29 28 27 27 27 27 27 27 27 27 27 27 27 27 27 27 27 27 -1 
-1 128 127 126 125 124 123 122 121 120 119 118 117 116 115 114 113 112 111 110 109 108 107 106 105 104 103 102 101 100 99 98 97 96 95 94 93 93 93 93 93 93 93 93 93 93 93 93 93 80 79 78 77 76 75 74 73 72 71 70 69 68 67 66 66 66 63 63 63 63 63 -1 206 206 206 206 206 206 206 206 206 206 -1 59 58 57 56 55 54 53 52 51 50 49 48 47 46 45 44 43 42 41 40 39 38 37 36 34 33 32 28 28 28 28 28 28 28 28 28 28 28 28 28 28 28 28 28 -1 
-1 128 127 126 125 124 123 122 121 120 119 118 117 116 115 114 113 112 111 110 109 108 107 106 105 104 103 102 101 100 99 98 97 96 95 94 93 92 92 92 92 92 92 92 92 92 92 92 81 80 79 78 77 76 75 74 73 72 71 70 69 68 67 66 65 65 65 62 62 62 62 -1 205 205 205 205 205 205 205 205 205 205 -1 59 58 57 56 55 54 53 52 51 50 49 48 47 46 45 44 43 42 41 40 39 38 37 36 35 33 32 31 29 29 29 29 29 29 29 29 29 29 29 29 29 29 29 29 -1 
-1 128 127 126 125 124 123 122 121 120 119 118 117 116 115 114 113 112 111 110 109 108 107 106 105 104 103 102 101 100 99 98 97 96 95 94 93 92 91 91 91 91 91 91 91 91 91 82 81 80 79 78 77 76 75 74 73 72 71 70 69 68 67 66 65 64 64 64 61 61 61 -1 204 204 204 204 204 204 204 204 204 204 -1 59 58 57 56 55 54 53 52 51 50 49 48 47 46 45 44 43 42 41 40 39 38 37 36 35 34 32 31 30 30 30 30 30 30 30 30 30 30 30 30 30 30 30 30 -1 
-1 128 127 126 125 124 123 122 121 120 119 118 117 116 115 114 113 112 111 110 109 108 107 106 105 104 103 102 101 100 99 98 97 96 95 94 93 92 91 90 90 90 90 90 90 90 83 82 81 80 79 78 77 76 75 74 73 72 71 70 69 68 67 66 65 64 63 63 63 60 60 -1 203 203 203 203 203 203 203 203 203 203 -1 59 58 57 56 55 54 53 52 51 50 49 48 47 46 45 44 43 42 41 40 39 38 37 36 35 34 33 31 31 31 31 31 31 31 31 31 31 31 31 31 31 31 31 31 -1 
-1 128 127 126 125 124 123 122 121 120 119 118 117 116 115 114 113 112 111 110 109 108 107 106 105 104 103 102 101 100 99 98 97 96 95 94 93 92 91 90 89 89 89 89 89 84 83 82 81 80 79 78 77 76 75 74 73 72 71 70 69 68 67 66 65 64 63 62 62 62 62 -1 202 202 202 202 202 202 202 202 202 202 -1 59 58 57 56 55 54 53 52 51 50 49 48 47 46 45 44 43 42 41 40 39 38 37 36 35 34 33 32 32 32 32 32 32 32 32 32 32 32 32 32 32 32 32 32 -1 
-1 128 127 126 125 124 123 122 121 120 119 118 117 116 115 114 113 112 111 110 109 108 107 106 105 104 103 102 101 100 99 98 97 96 95 94 93 92 91 90 89 88 88 88 85 84 83 82 81 80 79 78 77 76 75 74 73 72 71 70 69 68 67 66 65 64 63 62 61 61 61 -1 201 201 201 201 201 201 201 201 201 201 -1 59 58 57 56 55 54 53 52 51 50 49 48 47 46 45 44 43 42 41 40 39 38 37 36 35 34 33 33 33 33 33 33 33 33 33 33 33 33 33 33 33 33 33 33 -1 
-1 128 127 126 125 124 123 122 121 120 119 118 117 116 115 114 113 112 111 110 109 108 107 106 105 104 103 102 101 100 99 98 97 96 95 94 93 92 91 90 89 88 87 86 85 84 83 82 81 80 79 78 77 76 75 74 73 72 71 70 69 68 67 66 65 64 63 62 61 60 60 -1 200 200 200 200 200 200 200 200 200 200 -1 59 58 57 56 55 54 53 52 51 50 49 48 47 46 45 44 43 42 41 40 39 38 37 36 35 34 34 34 34 34 34 34 34 34 34 34 34 34 34 34 34 34 34 34 -1 
-1 128 127 126 125 124 123 122 121 120 119 118 117 116 115 114 113 112 111 110 109 108 107 106 105 104 103 102 101 100 99 98 97 96 95 94 93 92 91 90 89 88 87 86 85 84 83 82 81 80 79 78 77 76 75 74 73 72 71 70 69 68 67 66 65 64 63 62 61 60 60 -1 199 199 199 199 199 199 199 199 199 199 -1 59 58 57 56 55 54 53 52 51 50 49 48 47 46 45 44 43 42 41 40 39 38 37 36 35 35 35 35 35 35 35 35 35 35 35 35 35 35 35 35 35 35 35 35 -1 
-1 128 127 126 125 124 123 122 121 120 119 118 117 116 115 114 113 112 111 110 109 108 107 106 105 104 103 102 101 100 99 98 97 96 95 94 93 92 91 90 89 88 87 86 85 84 83 82 81 80 79 78 77 76 75 74 73 72 71 70 69 68 67 66 65 64 63 62 61 60 60 -1 198 198 198 198 198 198 198 198 198 198 -1 59 58 57 56 55 54 53 52 51 50 49 48 47 46 45 44 43 42 41 40 39 38 37 36 36 36 36 36 36 36 36 36 36 36 36 36 36 36 36 36 36 36 36 36 -1 
-1 128 127 126 125 124 123 122 121 120 119 118 117 116 115 114 113 112 111 110 109 108 107 106 105 104 103 102 101 100 99 98 97 96 95 94 93 92 91 90 89 88 87 86 85 84 83 82 81 80 79 78 77 76 75 74 73 72 71 70 69 68 67 66 65 64 63 62 61 60 60 -1 197 197 197 197 197 197 197 197 197 197 -1 59 58 57 56 55 54 53 52 51 50 49 48 47 46 45 44 43 42 41 40 39 38 37 37 37 37 37 37 37 37 37 37 37 37 37 37 37 37 37 37 37 37 37 37 -1 
-1 128 127 126 125 124 123 122 121 120 119 118 117 116 115 114 113 112 111 110 109 108 107 106 105 104 103 102 101 100 99 98 97 96 95 94 93 92 91 90 89 88 87 86 85 84 83 82 81 80 79 78 77 76 75 74 73 72 71 70 69 68 67 66 65 64 63 62 61 60 60 -1 196 196 196 196 196 196 196 196 196 196 -1 59 58 57 56 55 54 53 52 51 50 49 48 47 46 45 44 43 42 41 40 39 38 38 38 38 38 38 38 38 38 38 38 38 38 38 38 38 38 38 38 38 38 38 38 -1 
-1 128 127 126 125 124 123 122 121 120 119 118 117 116 115 114 113 112 111 110 109 108 107 106 105 104 103 102 101 100 99 98 97 96 95 94 93 92 91 90 89 88 87 86 85 84 83 82 81 80 79 78 77 76 75 74 73 72 71 70 69 68 67 66 65 64 63 62 61 61 61 -1 195 195 195 195 195 195 195 195 195 195 -1 59 58 57 56 55 54 53 52 51 50 49 48 47 46 45 44 43 42 42 42 39 39 39 39 39 39 39 39 39 39 39 39 39 39 39 39 39 39 39 39 39 39 39 39 -1 
-1 128 127 126 125 124 123 122 121 120 119 118 117 116 115 114 113 112 111 110 109 108 107 106 105 104 103 102 101 100 99 98 98 98 95 94 93 92 91 90 89 88 87 86 85 84 83 82 81 80 79 78 77 76 75 74 73 72 71 70 69 68 67 66 65 64 63 62 62 62 62 -1 194 194 194 194 194 194 194 194 194 194 -1 59 58 57 56 55 54 53 52 51 50 49 48 47 46 45 44 43 43 43 43 43 40 40 40 40 40 40 40 40 40 40 40 40 40 40 40 40 40 40 40 40 40 40 40 -1 
-1 128 127 126 125 124 123 122 121 120 119 118 117 116 115 114 113 112 111 110 109 108 107 106 105 104 103 103 103 100 99 99 99 99 99 94 93 92 91 90 89 88 87 86 85 84 83 82 81 80 79 78 77 76 75 74 73 72 71 70 69 68 67 66 65 64 63 63 63 63 63 -1 193 193 193 193 193 193 193 193 193 193 -1 59 58 57 56 55 54 53 52 51 50 49 48 47 46 45 44 44 44 44 44 44 44 41 41 41 41 41 41 41 41 41 41 41 41 41 41 41 41 41 41 41 41 41 41 -1 
-1 128 127 126 125 124 123 122 121 120 119 118 117 116 115 114 113 112 111 110 109 108 107 106 105 105 105 104 104 104 100 100 100 100 100 100 93 92 91 90 89 88 87 86 85 84 83 82 81 80 79 78 77 76 75 74 73 72 71 70 69 68 67 66 65 64 64 64 64 64 64 -1 192 192 192 192 192 192 192 192 192 192 -1 59 58 57 56 55 54 53 52 51 50 49 48 47 46 45 45 45 45 45 45 45 45 45 42 42 42 42 42 42 42 42 42 42 42 42 42 42 42 42 42 42 42 42 42 -1 
-1 128 127 126 125 124 123 122 121 120 119 118 117 116 115 114 113 112 111 110 109 108 107 106 106 106 106 106 105 105 105 101 101 101 101 101 101 92 91 90 89 88 87 86 85 84 83 82 81 80 79 78 77 76 75 74 73 72 71 70 69 68 67 66 65 65 65 65 65 65 65 -1 191 191 191 191 191 191 191 191 191 191 -1 59 58 57 56 55 54 53 52 51 50 49 48 47 46 46 46 46 46 46 46 46 46 46 46 43 43 43 43 43 43 43 43 43 43 43 43 43 43 43 43 43 43 43 43 -1 
-1 128 127 126 125 124 123 122 121 120 119 118 117 116 115 114 113 112 111 110 109 108 107 107 107 107 107 107 107 106 106 106 102 102 102 102 102 102 91 90 89 88 87 86 85 84 83 82 81 80 79 78 77 76 75 74 73 72 71 70 69 68 67 66 66 66 66 66 66 66 66 -1 190 190 190 190 190 190 190 190 190 190 -1 59 58 57 56 55 54 53 52 51 50 49 48 47 47 47 47 47 47 47 47 47 47 47 47 47 44 44 44 44 44 44 44 44 44 44 44 44 44 44 44 44 44 44 44 -1 
-1 128 127 126 125 124 123 122 121 120 119 118 117 116 115 114 113 112 111 110 109 108 108 108 108 108 108 108 108 108 107 107 107 103 103 103 103 103 103 90 89 88 87 86 85 84 83 82 81 80 79 78 77 76 75 74 73 72 71 70 69 68 67 67 67 67 67 67 67 67 67 -1 189 189 189 189 189 189 189 189 189 189 -1 59 58 57 56 55 54 53 52 51 50 49 48 48 48 48 48 48 48 48 48 48 48 48 48 48 48 45 45 45 45 45 45 45 45 45 45 45 45 45 45 45 45 45 45 -1 
-1 128 127 126 125 124 123 122 121 120 119 118 117 116 115 114 113 112 111 110 109 109 109 109 109 109 109 109 109 109 109 -1 -1 -1 -1 -1 -1 -1 -1 -1 -1 -1 -1 -1 -1 -1 -1 -1 -1 -1 -1 -1 -1 -1 -1 -1 -1 -1 -1 -1 -1 -1 -1 -1 -1 -1 -1 -1 -1 -1 -1 -1 188 188 188 188 188 188 188 188 188 188 -1 -1 -1 -1 -1 -1 -1 -1 -1 -1 -1 -1 -1 -1 -1 -1 -1 -1 -1 -1 -1 -1 -1 -1 -1 -1 -1 -1 -1 -1 -1 -1 -1 -1 -1 -1 -1 -1 -1 -1 -1 -1 -1 -1 -1 -1 
-1 128 127 126 125 124 123 122 121 120 119 118 117 116 115 114 113 112 111 110 110 110 110 110 110 110 110 110 110 110 110 -1 -1 -1 -1 -1 -1 -1 -1 -1 -1 -1 -1 -1 -1 -1 -1 -1 -1 -1 -1 -1 -1 -1 -1 -1 -1 -1 -1 -1 -1 -1 -1 -1 -1 -1 -1 187 187 187 187 187 187 187 187 187 187 187 187 187 187 187 187 188 189 190 191 -1 -1 -1 -1 -1 -1 -1 -1 -1 -1 -1 -1 -1 -1 -1 -1 -1 -1 -1 -1 -1 -1 -1 -1 -1 -1 -1 -1 -1 -1 -1 -1 -1 -1 -1 -1 -1 -1 -1 -1 -1 
-1 128 127 126 125 124 123 122 121 120 119 118 117 116 115 114 113 112 111 111 111 111 111 111 111 111 111 111 111 -1 -1 -1 -1 -1 -1 -1 -1 -1 -1 -1 -1 -1 -1 -1 -1 -1 -1 -1 -1 -1 -1 -1 -1 -1 -1 -1 -1 -1 -1 -1 -1 -1 -1 -1 -1 -1 -1 186 186 186 186 186 186 186 186 186 186 186 186 186 186 186 187 188 189 190 191 -1 -1 -1 -1 -1 -1 -1 -1 -1 -1 -1 -1 -1 -1 -1 -1 -1 -1 -1 -1 -1 -1 -1 -1 -1 -1 -1 -1 -1 -1 -1 -1 -1 -1 -1 -1 -1 -1 -1 -1 -1 
-1 128 127 126 125 124 123 122 121 120 119 118 117 116 115 114 113 112 112 112 112 112 112 112 112 112 112 112 112 -1 -1 -1 -1 -1 -1 -1 -1 -1 -1 -1 -1 -1 -1 -1 -1 -1 -1 -1 -1 -1 -1 -1 -1 -1 -1 -1 -1 -1 -1 -1 -1 -1 -1 -1 -1 -1 -1 185 185 185 185 185 185 185 185 185 185 185 185 185 185 186 187 188 189 190 191 -1 -1 -1 -1 -1 -1 -1 -1 -1 -1 -1 -1 -1 -1 -1 -1 -1 -1 -1 -1 -1 -1 -1 -1 -1 -1 -1 -1 -1 -1 -1 -1 -1 -1 -1 -1 -1 -1 -1 -1 -1 
-1 128 127 126 125 124 123 122 121 120 119 118 117 116 115 114 113 113 113 113 113 113 113 113 113 113 113 -1 -1 -1 -1 -1 -1 -1 -1 -1 -1 -1 -1 -1 -1 -1 -1 -1 -1 -1 -1 -1 -1 -1 -1 -1 -1 -1 -1 -1 -1 -1 -1 -1 -1 -1 -1 -1 -1 -1 -1 184 184 184 184 184 184 184 184 184 184 184 184 184 185 186 187 188 189 190 191 -1 -1 -1 -1 -1 -1 -1 -1 -1 -1 -1 -1 -1 -1 -1 -1 -1 -1 -1 -1 -1 -1 -1 -1 -1 -1 -1 -1 -1 -1 -1 -1 -1 -1 -1 -1 -1 -1 -1 -1 -1 
-1 128 127 126 125 124 123 122 121 120 119 118 117 116 115 114 114 114 114 114 114 114 114 114 114 114 114 -1 -1 -1 -1 -1 -1 -1 151 151 151 151 151 151 151 151 151 151 151 151 151 152 153 154 155 156 157 158 162 162 162 162 163 164 165 178 178 178 178 178 178 178 183 183 183 183 183 183 183 183 183 183 183 184 185 186 187 188 189 190 191 -1 -1 -1 -1 -1 -1 -1 -1 -1 -1 -1 -1 -1 -1 -1 -1 -1 -1 -1 -1 -1 -1 -1 -1 -1 -1 -1 -1 -1 -1 -1 -1 -1 -1 -1 -1 -1 -1 -1 -1 -1 
-1 128 127 126 125 124 123 122 121 120 119 118 117 116 115 115 115 115 115 115 115 115 115 115 115 -1 -1 -1 -1 -1 -1 -1 -1 -1 150 150 150 150 150 150 150 150 150 150 150 150 151 152 153 154 155 156 157 161 161 161 161 162 163 164 165 166 177 177 177 177 177 177 177 182 182 182 182 182 182 182 182 182 183 184 185 186 187 188 189 190 191 -1 -1 -1 -1 -1 -1 -1 -1 -1 -1 -1 -1 -1 -1 -1 -1 -1 -1 -1 -1 -1 -1 -1 -1 -1 -1 -1 -1 -1 -1 -1 -1 -1 -1 -1 -1 -1 -1 -1 -1 -1 
-1 128 127 126 125 124 123 122 121 120 119 118 117 116 116 116 116 116 116 116 116 116 116 -1 -1 -1 -1 -1 -1 -1 146 146 146 146 149 149 149 149 149 149 149 149 149 149 149 150 151 152 153 154 155 156 160 160 160 160 161 162 163 164 165 166 167 176 176 176 176 176 176 176 181 181 181 181 181 181 181 182 183 184 185 186 187 188 189 190 191 -1 -1 -1 -1 -1 -1 -1 -1 -1 -1 -1 -1 -1 -1 -1 -1 -1 -1 -1 -1 -1 -1 -1 -1 -1 -1 -1 -1 -1 -1 -1 -1 -1 -1 -1 -1 -1 -1 -1 -1 -1 
-1 128 127 126 125 124 123 122 121 120 119 118 117 117 117 117 117 117 117 117 117 117 117 -1 -1 -1 -1 -1 -1 -1 145 145 145 145 145 148 148 148 148 148 148 148 148 148 149 150 151 152 153 154 155 159 159 159 159 160 161 162 163 164 165 166 167 168 175 175 175 175 175 175 175 180 180 180 180 180 181 182 183 184 185 186 187 188 189 190 191 -1 -1 -1 -1 -1 -1 -1 -1 -1 -1 -1 -1 -1 -1 -1 -1 -1 -1 -1 -1 -1 -1 -1 -1 -1 -1 -1 -1 -1 -1 -1 -1 -1 -1 -1 -1 -1 -1 -1 -1 -1 
-1 128 127 126 125 124 123 122 121 120 119 118 118 118 118 118 118 118 118 118 124 125 118 -1 -1 -1 -1 -1 133 134 135 144 144 144 144 144 147 147 147 147 147 147 147 148 149 150 151 152 153 154 158 158 158 158 159 160 161 162 163 164 165 166 167 170 170 174 174 174 174 174 175 176 179 179 179 180 181 182 183 184 185 186 187 188 189 190 191 -1 -1 -1 -1 -1 -1 -1 -1 -1 -1 -1 -1 -1 -1 -1 -1 -1 -1 -1 -1 -1 -1 -1 -1 -1 -1 -1 -1 -1 -1 -1 -1 -1 -1 -1 -1 -1 -1 -1 -1 -1 
-1 128 127 126 125 124 123 122 121 120 119 119 119 119 119 119 119 119 119 123 124 125 127 128 129 130 131 132 133 134 135 136 143 143 143 143 143 146 146 146 146 146 147 148 149 150 151 152 153 157 157 157 157 158 159 160 161 162 163 164 165 166 169 169 169 170 173 173 173 174 175 176 177 178 179 180 181 182 183 184 185 186 187 188 189 190 191 -1 -1 -1 -1 -1 -1 -1 -1 -1 -1 -1 -1 -1 -1 -1 -1 -1 -1 -1 -1 -1 -1 -1 -1 -1 -1 -1 -1 -1 -1 -1 -1 -1 -1 -1 -1 -1 -1 -1 -1 -1 
-1 128 127 126 125 124 123 122 121 120 120 120 120 120 120 120 120 120 122 123 124 126 127 128 129 130 131 132 133 134 135 136 137 142 142 142 142 142 145 145 145 146 147 148 149 150 151 152 153 156 156 156 157 158 159 160 161 162 163 164 165 168 168 168 169 170 171 172 173 174 175 176 177 178 179 180 181 182 183 184 185 186 187 188 189 190 191 -1 -1 -1 -1 -1 -1 -1 -1 -1 -1 -1 -1 -1 -1 -1 -1 -1 -1 -1 -1 -1 -1 -1 -1 -1 -1 -1 -1 -1 -1 -1 -1 -1 -1 -1 -1 -1 -1 -1 -1 -1 
-1 128 127 126 125 124 123 122 121 121 121 121 121 121 121 121 121 121 122 123 125 126 127 128 129 130 131 132 133 134 135 136 137 138 141 141 141 142 143 144 145 146 147 148 149 150 151 152 155 155 155 156 157 158 159 160 161 162 163 164 165 167 167 168 169 170 171 172 173 174 175 176 177 178 179 180 181 182 183 184 186 186 187 188 189 190 191 -1 -1 -1 -1 -1 -1 -1 -1 -1 -1 -1 -1 -1 -1 -1 -1 -1 -1 -1 -1 -1 -1 -1 -1 -1 -1 -1 -1 -1 -1 -1 -1 -1 -1 -1 -1 -1 -1 -1 -1 -1 
-1 128 127 126 125 124 123 122 122 122 122 122 122 122 122 122 122 122 122 124 125 126 127 128 129 130 131 132 133 134 135 136 137 138 139 140 141 142 143 144 145 146 147 148 149 150 151 154 154 154 155 156 157 158 159 160 161 162 163 164 166 166 167 168 169 170 171 172 173 174 175 176 177 178 179 180 181 182 183 184 185 187 187 188 189 190 191 -1 -1 -1 -1 -1 -1 -1 -1 -1 -1 -1 -1 -1 -1 -1 -1 -1 -1 -1 -1 -1 -1 -1 -1 -1 -1 -1 -1 -1 -1 -1 -1 -1 -1 -1 -1 -1 -1 -1 -1 -1 
-1 128 127 126 125 124 123 123 123 123 123 123 123 123 123 123 123 123 123 124 125 126 127 128 129 130 131 132 133 134 135 136 137 138 139 140 141 142 143 144 145 146 147 148 149 150 151 153 153 154 155 156 157 158 159 160 161 162 163 164 165 166 167 168 169 170 171 172 173 174 175 176 177 178 179 180 181 182 183 184 185 186 188 188 189 190 191 -1 -1 -1 -1 -1 -1 -1 -1 -1 -1 -1 -1 -1 -1 -1 -1 -1 -1 -1 -1 -1 -1 -1 -1 -1 -1 -1 -1 -1 -1 -1 -1 -1 -1 -1 -1 -1 -1 -1 -1 -1 
-1 128 127 126 125 124 124 124 124 124 124 124 124 124 124 124 124 124 124 124 125 126 127 128 129 130 131 132 133 134 135 136 137 138 139 140 141 142 143 144 145 146 147 148 149 150 152 152 153 154 155 156 158 158 159 160 161 162 163 164 165 166 167 168 170 170 171 172 173 174 175 176 177 178 179 180 181 182 183 184 185 186 187 189 189 190 191 -1 -1 -1 -1 -1 -1 -1 -1 -1 -1 -1 -1 -1 -1 -1 -1 -1 -1 -1 -1 -1 -1 -1 -1 -1 -1 -1 -1 -1 -1 -1 -1 -1 -1 -1 -1 -1 -1 -1 -1 -1 
-1 128 127 126 125 125 125 125 125 125 125 125 125 125 125 125 125 125 125 125 125 126 127 128 129 130 131 132 133 134 135 136 137 138 139 140 141 142 143 144 145 146 147 148 149 150 151 152 153 154 155 156 157 159 159 160 161 162 163 164 165 166 167 168 169 171 171 172 173 174 175 176 177 178 179 180 181 182 183 184 185 186 187 188 190 190 191 -1 -1 -1 -1 -1 -1 -1 -1 -1 -1 -1 -1 -1 -1 -1 -1 -1 -1 -1 -1 -1 -1 -1 -1 -1 -1 -1 -1 -1 -1 -1 -1 -1 -1 -1 -1 -1 -1 -1 -1 -1 
-1 128 127 126 126 126 126 126 126 126 126 126 126 126 126 126 126 126 126 126 126 126 127 128 129 130 131 132 133 134 135 136 137 138 139 140 141 142 143 144 145 146 148 148 149 150 151 152 153 154 155 156 157 160 160 160 161 162 163 164 165 166 167 168 169 172 172 172 173 174 175 176 177 178 179 180 181 182 183 184 185 186 187 188 189 191 191 -1 -1 -1 -1 -1 -1 -1 -1 -1 -1 -1 -1 -1 -1 -1 -1 -1 -1 -1 -1 -1 -1 -1 -1 -1 -1 -1 -1 -1 -1 -1 -1 -1 -1 -1 -1 -1 -1 -1 -1 -1 
-1 128 127 127 127 127 127 127 127 127 127 127 127 127 127 127 127 127 127 127 127 127 127 128 129 130 131 132 133 134 135 136 137 138 139 140 141 142 143 144 145 146 147 149 149 150 151 152 153 154 155 156 157 158 161 161 161 162 163 164 165 166 167 168 169 170 173 173 173 174 175 176 177 178 179 180 181 182 183 184 185 186 187 188 189 190 192 -1 -1 -1 -1 -1 -1 -1 -1 -1 -1 -1 -1 -1 -1 -1 -1 -1 -1 -1 -1 -1 -1 -1 -1 -1 -1 -1 -1 -1 -1 -1 -1 -1 -1 -1 -1 -1 -1 -1 -1 -1 
-1 128 128 128 128 128 128 128 128 128 128 128 128 128 128 128 128 128 128 128 128 128 128 128 129 130 131 132 133 134 135 136 137 138 139 140 141 142 143 144 145 146 147 150 150 150 151 152 153 154 155 156 157 158 159 162 162 162 163 164 165 166 167 168 169 170 171 174 174 174 175 176 177 178 179 180 181 182 183 184 185 186 187 188 189 190 191 -1 -1 -1 -1 -1 -1 -1 -1 -1 -1 -1 -1 -1 -1 -1 -1 -1 -1 -1 -1 -1 -1 -1 -1 -1 -1 -1 -1 -1 -1 -1 -1 -1 -1 -1 -1 -1 -1 -1 -1 -1 
-1 129 129 129 129 129 129 129 129 129 129 129 129 129 129 129 129 129 129 129 129 129 129 129 129 130 131 132 133 134 135 136 137 138 139 140 141 142 143 144 145 146 147 148 151 151 151 152 153 154 155 156 157 158 159 163 163 163 163 164 165 166 167 168 169 170 171 172 175 175 175 176 177 178 179 180 181 182 183 184 185 186 187 188 189 190 191 -1 -1 -1 -1 -1 -1 -1 -1 -1 -1 -1 -1 -1 -1 -1 -1 -1 -1 -1 -1 -1 -1 -1 -1 -1 -1 -1 -1 -1 -1 -1 -1 -1 -1 -1 -1 -1 -1 -1 -1 -1 
-1 130 130 130 130 130 130 130 130 130 130 130 130 130 130 130 130 130 130 130 130 130 130 130 130 130 131 132 133 134 135 136 137 138 139 140 141 142 143 144 145 146 147 148 149 152 152 152 153 154 155 156 157 158 159 160 164 164 164 164 165 166 167 168 169 170 171 172 173 176 176 176 177 178 179 180 181 182 183 184 185 186 187 188 189 190 191 -1 -1 -1 -1 -1 -1 -1 -1 -1 -1 -1 -1 -1 -1 -1 -1 -1 -1 -1 -1 -1 -1 -1 -1 -1 -1 -1 -1 -1 -1 -1 -1 -1 -1 -1 -1 -1 -1 -1 -1 -1 
-1 131 131 131 131 131 131 131 131 131 131 131 131 131 131 131 131 131 131 131 131 131 131 131 131 131 131 132 133 134 135 136 137 138 139 140 141 142 143 144 145 146 147 148 149 150 153 153 153 154 155 156 157 158 159 160 161 165 165 165 165 166 167 168 169 170 171 172 173 174 177 177 177 178 179 180 181 182 183 184 185 186 187 188 189 190 191 -1 -1 -1 -1 -1 -1 -1 -1 -1 -1 -1 -1 -1 -1 -1 -1 -1 -1 -1 -1 -1 -1 -1 -1 -1 -1 -1 -1 -1 -1 -1 -1 -1 -1 -1 -1 -1 -1 -1 -1 -1 
-1 132 132 132 132 132 132 132 132 132 132 132 132 132 132 132 132 132 132 132 132 132 132 132 132 132 132 132 133 134 135 136 137 138 139 140 141 142 143 144 145 146 147 148 149 150 151 154 154 154 155 156 157 158 159 160 161 162 166 166 166 166 167 168 169 170 171 172 173 174 175 178 178 178 179 180 181 182 183 184 185 186 187 188 189 190 191 -1 -1 -1 -1 -1 -1 -1 -1 -1 -1 -1 -1 -1 -1 -1 -1 -1 -1 -1 -1 -1 -1 -1 -1 -1 -1 -1 -1 -1 -1 -1 -1 -1 -1 -1 -1 -1 -1 -1 -1 -1 
-1 133 133 133 133 133 133 133 133 133 133 133 133 133 133 133 133 133 133 133 133 133 133 133 133 133 133 133 133 134 135 136 137 138 139 140 141 142 143 144 145 146 147 148 149 150 151 152 155 155 155 156 157 158 159 160 161 162 163 167 167 167 167 168 169 170 171 172 173 174 175 176 179 179 179 180 181 182 183 184 185 186 187 188 189 190 191 -1 -1 -1 -1 -1 -1 -1 -1 -1 -1 -1 -1 -1 -1 -1 -1 -1 -1 -1 -1 -1 -1 -1 -1 -1 -1 -1 -1 -1 -1 -1 -1 -1 -1 -1 -1 -1 -1 -1 -1 -1 
-1 134 134 134 134 134 134 134 134 134 134 134 134 134 134 134 134 134 134 134 134 134 134 134 134 134 134 134 134 134 135 136 137 138 139 140 141 142 143 144 145 146 147 148 149 150 151 152 153 156 156 156 157 158 159 160 161 162 163 164 168 168 168 168 169 170 171 172 173 174 175 176 177 180 180 180 181 182 183 184 185 186 187 188 189 190 191 -1 -1 -1 -1 -1 -1 -1 -1 -1 -1 -1 -1 -1 -1 -1 -1 -1 -1 -1 -1 -1 -1 -1 -1 -1 -1 -1 -1 -1 -1 -1 -1 -1 -1 -1 -1 -1 -1 -1 -1 -1 
-1 135 135 135 135 135 135 135 135 135 135 135 135 135 135 135 135 135 135 135 135 135 135 135 135 135 135 135 135 135 135 136 137 138 139 140 141 142 143 144 145 146 147 148 149 150 151 152 153 154 157 157 157 158 159 160 161 162 163 164 165 169 169 169 169 170 171 172 173 174 175 176 177 178 181 181 181 182 183 184 185 186 187 188 189 190 191 -1 -1 -1 -1 -1 -1 -1 -1 -1 -1 -1 -1 -1 -1 -1 -1 -1 -1 -1 -1 -1 -1 -1 -1 -1 -1 -1 -1 -1 -1 -1 -1 -1 -1 -1 -1 -1 -1 -1 -1 -1 
-1 136 136 136 136 136 136 136 136 136 136 136 136 136 136 136 136 136 136 136 136 136 136 136 136 136 136 136 136 136 136 136 137 138 139 140 141 142 143 144 145 146 147 148 149 150 151 152 153 154 155 158 158 158 159 160 161 162 163 164 165 166 170 170 170 170 171 172 173 174 175 176 177 178 179 182 182 182 183 184 185 186 187 188 189 190 191 -1 -1 -1 -1 -1 -1 -1 -1 -1 -1 -1 -1 -1 -1 -1 -1 -1 -1 -1 -1 -1 -1 -1 -1 -1 -1 -1 -1 -1 -1 -1 -1 -1 -1 -1 -1 -1 -1 -1 -1 -1 
-1 137 137 137 137 137 137 137 137 137 137 137 137 137 137 137 137 137 137 137 137 137 137 137 137 137 137 137 137 137 137 137 137 138 139 140 141 142 143 144 145 146 147 148 149 150 151 152 153 154 155 156 159 159 159 160 161 162 163 164 165 166 167 171 171 171 171 172 173 174 175 176 177 178 179 180 183 183 183 184 185 186 187 188 189 190 191 -1 -1 -1 -1 -1 -1 -1 -1 -1 -1 -1 -1 -1 -1 -1 -1 -1 -1 -1 -1 -1 -1 -1 -1 -1 -1 -1 -1 -1 -1 -1 -1 -1 -1 -1 -1 -1 -1 -1 -1 -1 
-1 138 138 138 138 138 138 138 138 138 138 138 138 138 138 138 138 138 138 138 138 138 138 138 138 138 138 138 138 138 138 138 138 138 139 140 141 142 143 144 145 146 147 148 149 150 151 152 153 154 155 156 157 160 160 160 161 162 163 164 165 166 167 168 172 172 172 172 173 174 175 176 177 178 179 180 181 184 184 184 185 186 187 188 189 190 191 -1 -1 -1 -1 -1 -1 -1 -1 -1 -1 -1 -1 -1 -1 -1 -1 -1 -1 -1 -1 -1 -1 -1 -1 -1 -1 -1 -1 -1 -1 -1 -1 -1 -1 -1 -1 -1 -1 -1 -1 -1 
-1 -1 -1 -1 -1 -1 -1 -1 -1 -1 -1 -1 -1 -1 -1 -1 -1 -1 -1 -1 -1 -1 -1 -1 -1 -1 -1 -1 -1 -1 -1 -1 -1 -1 -1 -1 -1 -1 -1 -1 -1 -1 -1 -1 -1 -1 -1 -1 -1 -1 -1 -1 -1 -1 -1 -1 -1 -1 -1 -1 -1 -1 -1 -1 -1 -1 -1 -1 -1 -1 -1 -1 -1 -1 -1 -1 -1 -1 -1 -1 -1 -1 -1 -1 -1 -1 -1 -1 -1 -1 -1 -1 -1 -1 -1 -1 -1 -1 -1 -1 -1 -1 -1 -1 -1 -1 -1 -1 -1 -1 -1 -1 -1 -1 -1 -1 -1 -1 -1 -1 -1 -1 -1 -1 -1 -1 -1 -1 
437
