2 2 6
928 568 80 8
928 568 80 8
10
56
3 616 120 0 8 8
3 616 136 0 8 8
3 616 152 0 8 8
1 952 152 0 16 16
3 520 160 0 8 8
3 536 160 0 8 8
3 552 160 0 8 8
1 936 168 0 16 16
1 968 176 0 16 16
1 944 192 0 16 16
1 984 192 0 16 16
1 928 208 0 16 16
1 960 208 0 16 16
1 936 224 0 16 16
1 984 232 0 16 16
4 40 248 0 88 8
1 960 248 0 16 16
1 976 256 0 16 16
1 944 264 0 16 16
3 992 320 0 8 8
3 976 336 0 8 8
3 960 352 0 8 8
3 968 400 0 8 8
3 64 408 0 8 8
3 96 408 0 8 8
3 952 416 0 8 8
3 48 424 0 8 8
3 80 424 0 8 8
3 112 424 0 8 8
3 936 432 0 8 8
3 64 440 0 8 8
3 96 440 0 8 8
4 40 472 0 24 8
4 104 472 0 24 8
1 40 488 2 16 16
1 112 488 2 16 16
5 392 712 0 8 80
3 768 720 0 8 8
3 784 720 0 8 8
3 800 720 0 8 8
3 816 720 0 8 8
3 800 920 0 8 8
3 832 920 0 8 8
3 704 928 0 8 8
3 736 928 0 8 8
3 752 936 0 8 8
3 784 936 0 8 8
3 816 936 0 8 8
3 720 944 0 8 8
3 768 952 0 8 8
3 800 952 0 8 8
3 832 952 0 8 8
3 704 960 0 8 8
3 736 960 0 8 8
3 752 968 0 8 8
3 784 968 0 8 8
0
