-1 -1 -1 -1 -1 -1 -1 -1 -1 -1 -1 -1 -1 -1 -1 -1 -1 -1 -1 -1 -1 -1 -1 -1 -1 -1 -1 -1 -1 -1 -1 -1 -1 -1 -1 -1 -1 -1 -1 -1 -1 -1 -1 -1 -1 -1 -1 -1 -1 -1 -1 -1 -1 -1 -1 -1 -1 -1 -1 -1 -1 -1 -1 -1 -1 -1 -1 -1 -1 -1 -1 -1 -1 -1 -1 -1 -1 -1 -1 -1 -1 -1 -1 -1 -1 -1 -1 -1 -1 -1 -1 -1 -1 -1 -1 -1 -1 -1 -1 -1 -1 -1 -1 -1 -1 -1 -1 -1 -1 -1 -1 -1 -1 -1 -1 -1 -1 -1 -1 -1 -1 -1 -1 -1 -1 -1 -1 -1 
-1 233 233 233 233 233 234 235 236 295 294 293 292 291 290 289 288 287 286 285 284 283 282 281 280 279 278 277 276 275 274 273 272 271 270 269 268 267 266 265 264 263 262 261 260 259 258 257 256 255 255 255 255 255 256 257 258 259 260 261 262 263 264 265 266 267 268 269 296 296 296 296 296 296 296 296 296 296 296 296 296 296 296 296 296 296 296 297 298 299 300 301 302 303 304 305 306 307 308 309 310 311 312 313 314 315 316 317 318 319 320 321 322 323 324 325 326 327 328 329 330 331 332 333 334 335 336 -1 
-1 232 232 232 232 233 234 235 236 295 294 293 292 291 290 289 288 287 286 285 284 283 282 281 280 279 278 277 276 275 274 273 272 271 270 269 268 267 266 265 264 263 262 261 260 259 258 257 256 255 254 254 254 255 256 257 258 259 260 261 262 263 264 265 266 267 268 269 270 295 295 295 295 295 295 295 295 295 295 295 295 295 295 295 295 295 296 297 298 299 300 301 302 303 304 305 306 307 308 309 310 311 312 313 314 315 316 317 318 319 320 321 322 323 324 325 326 327 328 329 330 331 332 333 334 335 336 -1 
-1 231 231 231 -1 -1 -1 -1 -1 -1 -1 -1 -1 -1 -1 -1 -1 -1 -1 -1 -1 -1 -1 -1 -1 -1 -1 -1 -1 -1 -1 -1 -1 -1 -1 -1 -1 -1 -1 -1 -1 -1 -1 -1 -1 -1 -1 -1 -1 -1 -1 253 254 255 256 257 258 259 260 261 262 263 264 265 266 267 268 269 294 294 294 294 294 294 294 294 294 294 294 294 294 294 294 294 294 -1 -1 -1 -1 -1 -1 -1 -1 -1 -1 -1 -1 -1 -1 -1 -1 -1 -1 -1 -1 -1 -1 -1 -1 -1 -1 -1 -1 -1 -1 -1 -1 -1 -1 -1 -1 -1 -1 -1 -1 -1 -1 -1 
-1 230 230 230 -1 230 230 230 230 230 230 230 230 230 230 230 230 230 230 230 230 230 230 230 230 230 230 230 230 231 232 233 234 235 236 237 238 239 240 241 242 243 244 245 246 247 248 249 250 251 252 -1 254 255 256 257 258 259 260 261 262 263 264 265 266 267 268 269 270 293 293 293 293 293 293 293 293 293 293 293 293 293 293 293 -1 293 293 293 293 293 293 293 294 295 296 297 298 299 300 301 302 303 304 305 306 307 308 309 310 311 312 313 314 315 316 317 318 319 320 321 322 323 324 325 326 327 -1 -1 
-1 229 229 229 -1 229 229 229 229 229 229 229 229 229 229 229 229 229 229 229 229 229 229 229 229 229 229 229 230 231 232 233 234 235 236 237 238 239 240 241 242 243 244 245 246 247 248 249 250 251 252 253 -1 255 256 257 258 259 260 261 262 263 264 265 266 267 268 269 292 292 292 292 292 292 292 292 292 292 292 292 292 292 292 -1 292 292 292 292 292 292 292 293 294 295 296 297 298 299 300 301 302 303 304 305 306 307 308 309 310 311 312 313 314 315 316 317 318 319 320 321 322 323 324 325 326 327 -1 -1 
-1 228 228 228 -1 228 228 228 228 228 228 228 228 228 228 228 228 228 228 228 228 228 228 228 228 228 228 229 230 231 232 233 234 235 236 237 238 239 240 241 242 243 244 245 246 247 248 249 250 251 252 253 254 -1 256 257 258 259 260 261 262 263 264 265 266 267 268 269 292 291 291 291 291 291 291 291 291 291 291 291 291 291 -1 291 291 291 291 291 291 291 292 293 294 295 296 297 298 299 300 301 302 303 304 305 306 307 308 309 310 311 312 313 314 315 316 317 318 319 320 321 322 323 324 325 326 327 -1 -1 
-1 227 227 227 -1 227 227 227 227 227 227 227 227 227 227 227 227 227 227 227 227 227 227 227 227 227 228 229 230 231 232 233 234 235 236 237 238 239 240 241 242 243 244 245 246 247 248 249 250 251 252 253 254 255 -1 257 258 259 260 261 262 263 264 265 266 267 268 269 292 291 290 290 290 290 290 290 290 290 290 290 290 -1 290 290 290 290 290 290 290 291 292 293 294 295 296 297 298 299 300 301 302 303 304 305 306 307 308 309 310 311 312 313 314 315 316 317 318 319 320 321 322 323 324 325 326 327 -1 -1 
-1 226 226 226 -1 226 226 226 226 226 226 226 226 226 226 226 226 226 226 226 226 226 226 226 226 227 228 229 230 231 232 233 234 235 236 237 238 239 240 241 242 243 244 245 246 247 248 249 250 251 252 253 254 255 256 -1 258 259 260 261 262 263 264 265 266 267 268 269 292 291 290 289 289 289 289 289 289 289 289 289 -1 289 289 289 289 289 289 289 290 291 292 293 294 295 296 297 298 299 300 301 302 303 304 305 306 307 308 309 310 311 312 313 314 315 316 317 318 319 320 321 322 323 324 325 326 327 -1 -1 
-1 225 225 225 -1 225 225 225 225 225 225 225 225 225 225 225 225 225 225 225 225 225 225 225 226 227 228 229 230 231 232 233 234 235 236 237 238 239 240 241 242 243 244 245 246 247 248 249 250 251 252 253 254 255 256 257 -1 259 260 261 262 263 264 265 266 267 268 269 292 291 290 289 288 288 288 288 288 288 288 -1 288 288 288 288 288 288 288 289 290 291 292 293 294 295 296 297 298 299 300 301 302 303 304 305 306 307 308 309 310 311 312 313 314 315 316 317 318 319 320 321 322 323 324 325 326 327 -1 -1 
-1 224 224 224 -1 224 224 224 224 224 224 224 224 224 224 224 224 224 224 224 224 224 224 225 226 227 228 229 230 231 232 233 234 235 236 237 238 239 240 241 242 243 244 245 246 247 248 249 250 251 252 253 254 255 256 257 258 -1 260 261 262 263 264 265 266 267 268 269 292 291 290 289 288 287 287 287 287 287 -1 287 287 287 287 287 287 287 288 289 290 291 292 293 294 295 296 297 298 299 300 301 302 303 304 305 306 307 308 309 310 311 312 313 314 315 316 317 318 319 320 321 322 323 324 325 326 327 -1 -1 
-1 223 223 223 -1 223 223 223 223 223 223 223 223 223 223 223 223 223 223 223 223 223 224 225 226 227 228 229 230 231 232 233 234 235 236 237 238 239 240 241 242 243 244 245 246 247 248 249 250 251 252 253 254 255 256 257 258 259 -1 261 262 263 264 265 266 267 268 269 292 291 290 289 288 287 286 286 286 -1 286 286 286 286 286 286 286 287 288 289 290 291 292 293 294 295 296 297 298 299 300 301 302 303 304 305 306 307 308 309 310 311 312 313 314 315 316 317 318 319 320 321 322 323 324 325 326 327 -1 -1 
-1 222 222 222 -1 222 222 222 222 222 222 222 222 222 222 222 222 222 222 222 222 223 224 225 226 227 228 229 230 231 232 233 234 235 236 237 238 239 240 241 242 243 244 245 246 247 248 249 250 251 252 253 254 255 256 257 258 259 260 -1 262 263 264 265 266 267 268 269 292 291 290 289 288 287 286 285 -1 285 285 285 285 285 285 285 286 287 288 289 290 291 292 293 294 295 296 297 298 299 300 301 302 303 304 305 306 307 308 309 310 311 312 313 314 315 316 317 318 319 320 321 322 323 324 325 326 327 -1 -1 
-1 221 221 221 -1 221 221 221 221 221 221 221 221 221 221 221 221 221 221 221 222 223 224 225 226 227 228 229 230 231 232 233 234 235 236 237 238 239 240 241 242 243 244 245 246 247 248 249 250 251 252 253 254 255 256 257 258 259 260 261 -1 -1 -1 -1 -1 -1 -1 -1 -1 -1 -1 -1 -1 -1 -1 -1 284 284 284 284 284 284 284 285 286 287 288 289 290 291 292 293 294 295 296 297 298 299 300 301 302 303 304 305 306 307 308 309 310 311 312 313 314 315 316 317 318 319 320 321 322 323 324 325 326 327 -1 -1 
-1 220 220 220 -1 220 220 220 220 220 220 220 220 220 220 220 220 220 220 221 222 223 224 225 226 227 228 229 230 231 232 233 234 235 236 237 238 239 240 241 242 243 244 245 246 247 248 249 250 251 252 253 254 255 256 257 258 259 260 261 262 263 264 265 266 267 268 269 270 271 272 273 274 275 276 277 278 283 283 283 283 283 284 285 286 287 288 289 290 291 292 293 294 295 296 297 298 299 300 301 302 303 304 305 306 307 308 309 310 311 312 313 314 315 316 317 318 319 320 321 322 323 324 325 326 327 -1 -1 
-1 219 219 219 -1 219 219 219 219 219 219 219 219 219 219 219 219 219 220 221 222 223 224 225 226 227 228 229 230 231 232 233 234 235 236 237 238 239 240 241 242 243 244 245 246 247 248 249 250 251 252 253 254 255 256 257 258 259 260 261 262 263 264 265 266 267 268 269 270 271 272 273 274 275 276 277 278 279 282 282 282 283 284 285 286 287 288 289 290 291 292 293 294 295 296 297 298 299 300 301 302 303 304 305 306 307 308 309 310 311 312 313 314 315 316 317 318 319 320 321 322 323 324 325 326 327 -1 -1 
-1 218 218 218 -1 218 218 218 218 218 218 218 218 218 218 218 218 219 220 221 222 223 224 225 226 227 228 229 230 231 232 233 234 235 236 237 238 239 240 241 242 243 244 245 246 247 248 249 250 251 252 253 254 257 257 257 258 259 260 261 262 263 264 265 266 267 268 269 270 271 272 273 274 275 276 277 278 279 280 281 282 283 284 285 286 287 288 289 290 291 292 293 294 295 296 297 298 299 300 301 302 303 304 305 306 307 308 309 310 311 312 313 314 317 317 317 318 319 320 321 322 323 324 325 326 327 -1 -1 
-1 217 217 217 -1 217 217 217 217 217 217 217 217 217 217 217 218 219 220 221 222 223 224 225 226 227 228 229 230 231 232 233 234 235 236 237 238 239 240 241 242 243 244 245 246 247 248 249 250 251 252 253 258 258 258 258 258 259 260 261 262 263 264 265 266 267 268 269 270 271 272 273 274 275 276 277 278 279 280 281 282 283 284 285 286 287 288 289 290 291 292 293 294 295 296 297 298 299 300 301 302 303 304 305 306 307 308 309 310 311 312 313 318 318 318 318 318 319 320 321 322 323 324 325 326 327 -1 -1 
-1 216 216 216 -1 216 216 216 216 216 216 216 216 216 216 217 218 219 220 221 222 -1 -1 -1 -1 -1 -1 -1 -1 -1 -1 -1 -1 -1 -1 -1 -1 -1 -1 -1 -1 -1 -1 -1 -1 -1 -1 -1 -1 -1 -1 259 259 259 259 259 259 259 260 261 262 263 264 265 266 267 268 269 270 271 272 273 274 275 276 277 278 279 280 281 282 283 284 285 286 -1 -1 -1 -1 -1 -1 -1 -1 -1 -1 -1 -1 -1 -1 -1 -1 -1 -1 -1 -1 -1 -1 -1 -1 -1 -1 319 319 319 319 319 319 319 320 321 322 323 324 325 326 327 -1 -1 
-1 215 215 215 -1 215 215 215 215 215 215 215 215 215 216 217 218 219 220 221 -1 223 224 225 226 227 228 229 230 231 232 233 234 235 236 237 274 273 272 271 270 269 268 267 266 265 264 263 262 261 260 -1 260 260 260 260 260 260 260 261 262 263 264 265 266 267 268 269 270 271 272 273 274 275 276 277 278 279 280 281 282 283 284 285 -1 287 288 289 290 291 292 293 294 295 296 297 298 299 332 331 330 329 328 327 326 325 324 323 322 321 320 -1 320 320 320 320 320 320 320 321 322 323 324 325 326 327 -1 -1 
-1 214 214 214 -1 214 214 214 214 214 214 214 214 214 216 217 218 219 220 -1 222 223 224 225 226 227 228 229 230 231 232 233 234 235 236 237 274 273 272 271 270 269 268 267 266 265 264 263 262 261 261 261 -1 261 261 261 261 261 261 261 262 263 264 265 266 267 268 269 270 271 272 273 274 275 276 277 278 279 280 281 282 283 284 -1 286 287 288 289 290 291 292 293 294 295 296 297 298 299 332 331 330 329 328 327 326 325 324 323 322 321 321 321 -1 321 321 321 321 321 321 321 322 323 324 325 326 327 -1 -1 
-1 213 213 213 -1 213 213 213 213 213 213 213 213 213 213 217 218 219 -1 221 222 223 224 225 226 227 228 229 230 231 232 233 234 235 236 237 274 273 272 271 270 269 268 267 266 265 264 263 262 262 262 262 262 -1 262 262 262 262 262 262 262 263 264 265 266 267 268 269 270 271 272 273 274 275 276 277 278 279 280 281 282 283 -1 285 286 287 288 289 290 291 292 293 294 295 296 297 298 299 332 331 330 329 328 327 326 325 324 323 322 322 322 322 322 -1 322 322 322 323 322 322 322 323 324 325 326 327 -1 -1 
-1 212 212 212 -1 212 212 212 212 212 212 212 212 212 212 212 218 -1 220 221 222 223 224 225 226 227 228 229 230 231 232 233 234 235 236 237 274 273 272 271 270 269 268 267 266 265 264 263 263 263 263 263 263 263 -1 263 263 263 263 263 263 263 264 265 266 267 268 269 270 271 272 273 274 275 276 277 278 279 280 281 282 -1 284 285 286 287 288 289 290 291 292 293 294 295 296 297 298 299 332 331 330 329 328 327 326 325 324 323 323 323 323 323 323 323 -1 323 324 323 323 323 323 323 324 325 326 327 -1 -1 
-1 211 211 211 -1 211 211 211 211 211 211 211 211 211 211 211 -1 219 220 221 222 223 224 225 226 227 228 229 230 231 232 233 234 235 236 237 274 273 272 271 270 269 268 267 266 265 264 264 264 264 264 264 264 264 264 -1 264 264 264 264 264 264 264 265 266 267 268 269 270 271 272 273 274 275 276 277 278 279 280 281 -1 283 284 285 286 287 288 289 290 291 292 293 294 295 296 297 298 299 332 331 330 329 328 327 326 325 324 324 324 324 324 324 324 324 324 -1 324 324 324 324 324 324 324 325 326 327 -1 -1 
-1 210 210 210 -1 210 210 210 210 210 210 210 210 210 210 210 -1 220 220 221 222 223 224 225 226 227 228 229 230 231 232 233 234 235 236 237 274 273 272 271 270 269 268 267 266 265 265 265 265 265 265 265 265 265 265 265 -1 265 265 265 265 265 265 265 266 267 268 269 270 271 272 273 274 275 276 277 278 279 280 -1 282 283 284 285 286 287 288 289 290 291 292 293 294 295 296 297 298 299 332 331 330 329 328 327 326 325 325 325 325 325 325 325 325 325 325 -1 325 327 326 325 325 325 325 325 326 327 -1 -1 
-1 209 209 209 -1 209 209 209 209 209 209 209 209 209 209 209 -1 221 221 221 222 223 224 225 226 227 228 229 230 231 232 233 234 235 236 237 274 273 272 271 270 269 268 267 266 266 266 266 266 266 266 266 266 266 266 266 266 -1 266 266 266 266 266 266 266 267 268 269 270 271 272 273 274 275 276 277 278 279 -1 281 282 283 284 285 286 287 288 289 290 291 292 293 294 295 296 297 298 299 332 331 330 329 328 327 326 326 326 326 326 326 326 326 326 326 326 -1 328 327 326 326 326 326 326 326 326 327 -1 -1 
-1 208 208 208 -1 208 208 208 208 208 208 208 208 208 208 208 -1 222 222 222 222 223 224 225 226 227 228 229 230 231 232 233 234 235 236 237 274 273 272 271 270 269 268 267 267 267 267 267 267 267 267 267 267 267 267 267 267 267 -1 267 267 267 267 267 267 267 268 269 270 271 272 273 274 275 276 277 278 -1 280 281 282 283 284 285 286 287 288 289 290 291 292 293 294 295 296 297 298 299 332 331 330 329 328 327 327 327 327 327 327 327 327 327 327 327 327 -1 328 327 327 327 327 328 329 327 327 327 -1 -1 
-1 207 207 207 -1 207 207 207 207 207 207 207 207 207 207 207 -1 223 223 223 223 223 224 225 226 227 228 229 230 231 232 233 234 235 236 237 274 273 272 271 270 269 268 268 268 268 268 268 268 268 268 268 268 268 268 268 268 268 268 -1 268 268 268 268 268 268 268 269 270 271 272 273 274 275 276 277 -1 279 280 281 282 283 284 285 286 287 288 289 290 291 292 293 294 295 296 297 298 299 332 331 330 329 328 328 328 328 328 328 328 328 328 328 328 328 328 -1 328 328 328 328 328 328 329 330 328 328 -1 -1 
-1 206 206 206 -1 206 206 206 206 206 206 206 206 206 206 206 -1 224 224 224 224 224 224 225 226 227 228 229 230 231 232 233 234 235 236 237 274 273 272 271 270 269 269 269 269 269 269 269 269 269 269 269 269 269 269 269 269 269 269 269 -1 -1 -1 -1 -1 -1 -1 -1 -1 -1 -1 -1 -1 -1 -1 -1 278 279 280 281 282 283 284 285 286 287 288 289 290 291 292 293 294 295 296 297 298 299 332 331 330 329 329 329 329 329 329 329 329 329 329 329 329 329 329 -1 329 330 329 329 329 329 329 330 331 332 -1 -1 
-1 205 205 205 -1 205 205 205 205 205 205 205 205 205 205 205 -1 225 225 225 225 225 225 225 226 227 228 229 230 231 232 233 234 235 236 237 274 273 272 271 270 270 270 270 270 270 270 270 270 270 270 270 270 270 270 270 270 270 270 270 270 271 272 273 274 275 276 277 286 285 284 283 282 281 280 279 279 279 280 281 282 283 284 285 286 287 288 289 290 291 292 293 294 295 296 297 298 299 332 331 330 330 330 330 330 330 330 330 330 330 339 338 338 338 338 -1 331 330 330 330 330 330 330 330 331 332 -1 -1 
-1 204 204 204 -1 204 204 204 204 204 204 204 204 204 204 204 -1 226 226 226 226 226 226 226 226 227 228 229 230 231 232 233 234 235 236 237 274 273 272 271 271 271 271 271 271 271 271 271 271 271 271 271 271 271 271 271 271 271 271 271 271 271 272 273 274 275 276 277 286 285 284 283 282 281 280 280 280 280 280 281 282 283 284 285 286 287 288 289 290 291 292 293 294 295 296 297 298 299 332 331 331 331 331 331 331 331 331 331 331 340 339 338 337 337 337 -1 331 331 331 331 331 331 331 331 331 332 -1 -1 
-1 203 203 203 -1 203 203 203 203 203 203 203 203 203 203 203 -1 227 227 227 227 227 227 227 227 227 228 229 230 231 232 233 234 235 236 237 274 273 272 272 272 272 272 272 272 272 272 272 272 272 272 272 272 272 272 272 272 272 272 272 272 272 272 273 274 275 276 277 286 285 284 283 282 281 281 281 281 281 281 281 282 283 284 285 286 287 288 289 290 291 292 293 294 295 296 297 298 299 332 332 332 332 332 332 332 332 332 332 341 340 339 338 337 336 336 -1 332 332 332 332 332 332 332 332 332 332 -1 -1 
-1 202 202 202 -1 202 202 202 202 202 202 202 202 202 202 202 -1 202 202 202 202 202 202 202 202 202 228 229 230 231 232 233 234 235 236 237 274 273 273 273 273 273 273 273 273 273 273 273 273 273 273 273 273 273 273 273 273 273 273 273 273 273 273 273 274 275 276 277 286 285 284 283 282 282 282 282 282 282 282 282 282 283 284 285 286 287 288 289 290 291 292 293 294 295 296 297 298 299 300 333 333 333 333 333 333 333 333 342 341 340 339 338 337 336 335 -1 333 336 335 333 333 333 333 334 335 333 -1 -1 
-1 201 201 201 -1 201 201 201 201 201 201 201 201 201 201 201 -1 201 201 201 201 201 201 201 201 201 201 229 230 231 232 233 234 235 236 237 274 274 274 274 274 274 274 274 274 274 274 274 274 274 274 274 274 274 274 274 274 274 274 274 274 274 274 274 274 275 276 277 286 285 284 283 283 283 283 283 283 283 283 283 283 283 284 285 286 287 288 289 290 291 292 293 294 295 296 297 298 299 334 334 334 334 334 334 334 334 343 342 341 340 339 338 337 336 335 334 337 336 335 334 334 334 334 334 335 336 334 -1 
-1 200 200 200 -1 200 200 200 200 200 200 200 200 200 200 200 -1 200 200 200 200 200 200 200 200 200 200 200 230 231 232 233 234 235 236 237 238 275 275 275 275 275 275 275 275 275 275 275 275 275 275 275 275 275 275 275 275 275 275 275 275 275 275 275 275 275 276 277 286 285 284 284 284 284 284 284 284 284 284 284 284 284 284 285 286 287 288 289 290 291 292 293 294 295 296 297 298 299 300 335 335 335 335 335 335 344 343 342 341 340 339 338 337 336 335 338 337 336 335 335 335 335 335 335 335 336 337 -1 
-1 199 199 199 -1 199 199 199 199 199 199 199 199 199 199 199 -1 199 199 199 199 199 199 199 199 199 199 199 199 231 232 233 234 235 236 237 276 276 276 276 276 276 276 276 276 276 276 276 276 276 276 276 276 276 276 276 276 276 276 276 276 276 276 276 276 276 276 277 286 285 285 285 285 285 285 285 285 285 285 285 285 285 285 285 286 287 288 289 290 291 292 293 294 295 296 297 298 299 336 336 336 336 336 336 345 344 343 342 341 340 339 338 337 336 339 338 337 336 336 336 336 336 336 336 336 336 337 -1 
-1 198 198 198 -1 198 198 198 198 198 198 198 198 198 198 198 -1 198 198 198 198 198 198 198 198 198 198 198 199 198 232 233 234 235 236 237 238 277 277 277 277 277 277 277 277 277 277 277 277 277 277 277 277 277 277 277 277 277 277 277 277 277 277 277 277 277 277 277 286 286 286 286 286 286 286 286 286 286 286 286 286 286 286 286 286 287 288 289 290 291 292 293 294 295 296 297 298 299 300 337 337 337 337 346 345 344 343 342 341 340 339 338 337 340 339 338 337 337 337 337 337 337 337 337 337 337 337 -1 
-1 197 197 197 -1 197 197 197 197 197 197 197 197 197 197 197 -1 197 197 197 197 197 197 197 197 197 197 198 197 197 197 233 234 235 236 237 278 278 278 278 278 278 278 278 278 278 278 278 278 278 278 278 278 278 278 278 278 278 278 278 278 278 278 278 278 278 278 278 278 287 287 287 287 287 287 287 287 287 287 287 287 287 287 287 287 287 288 289 290 291 292 293 294 295 296 297 298 299 338 338 338 338 347 346 345 344 343 342 341 340 339 338 341 340 339 338 338 338 338 338 338 338 338 338 338 338 338 -1 
-1 196 196 196 -1 196 196 196 196 196 196 196 196 196 196 196 -1 196 196 196 196 196 196 196 196 196 197 196 196 196 197 196 234 235 236 237 238 279 279 279 279 279 279 279 279 279 279 279 279 279 279 279 279 279 279 279 279 279 279 279 279 279 279 279 279 279 279 279 279 279 288 288 288 288 288 288 288 288 288 288 288 288 288 288 288 288 288 289 290 291 292 293 294 295 296 297 298 299 300 339 339 348 347 346 345 344 343 342 341 340 339 342 341 340 339 339 339 339 339 339 339 339 339 339 339 339 339 -1 
-1 195 195 195 -1 195 195 195 195 195 195 195 195 195 195 195 -1 195 195 195 195 195 195 195 195 196 195 195 195 196 195 195 195 235 236 237 280 280 280 280 280 280 280 280 280 280 280 280 280 280 280 280 280 280 280 280 280 280 280 280 280 280 280 280 280 280 280 280 280 280 280 289 289 289 289 289 289 289 289 289 289 289 289 289 289 289 289 289 290 291 292 293 294 295 296 297 298 299 340 340 349 348 347 346 345 344 343 342 341 340 343 342 341 340 340 340 340 340 340 340 340 340 340 340 340 340 340 -1 
-1 194 194 194 -1 194 194 194 194 194 194 194 194 194 194 194 -1 194 194 194 194 194 194 194 195 194 194 194 195 194 194 194 194 194 236 237 238 281 281 281 281 281 281 281 281 281 281 281 281 281 281 281 281 281 281 281 281 281 281 281 281 281 281 281 281 281 281 281 281 281 281 281 290 290 290 290 290 290 290 290 290 290 290 290 290 290 290 290 290 291 292 293 294 295 296 297 298 299 300 350 349 348 347 346 345 344 343 342 341 344 343 342 341 341 341 341 341 341 341 341 341 341 341 341 341 341 341 -1 
-1 193 193 193 193 193 193 193 193 193 193 193 193 193 193 193 193 193 193 193 193 193 193 194 193 193 193 194 193 193 193 193 193 193 193 237 282 282 282 282 282 282 282 282 282 282 282 282 282 282 282 282 282 282 282 282 282 282 282 282 282 282 282 282 282 282 282 282 282 282 282 282 282 291 291 291 291 291 291 291 291 291 291 291 291 291 291 291 291 291 292 293 294 295 296 297 298 299 351 350 349 348 347 346 345 344 343 342 345 344 343 342 342 342 342 342 342 342 342 342 342 342 342 342 342 342 342 -1 
-1 192 192 192 192 192 192 192 192 192 192 192 192 192 192 192 192 192 192 192 192 192 193 192 192 192 193 192 192 192 192 192 192 192 192 192 238 283 283 283 283 283 283 283 283 283 283 283 283 283 283 283 283 283 283 283 283 283 283 283 283 283 283 283 283 283 283 283 283 283 283 283 283 283 292 292 292 292 292 292 292 292 292 292 292 292 292 292 292 292 292 293 294 295 296 297 298 299 351 350 349 348 347 346 345 344 343 346 345 344 343 343 343 343 343 343 343 343 343 343 343 343 343 343 343 343 343 -1 
-1 191 191 191 191 191 191 191 191 191 191 191 191 191 191 191 191 191 191 191 191 192 191 191 191 192 191 191 191 191 191 191 191 191 191 191 284 284 284 284 284 284 284 284 284 284 284 284 284 284 284 284 284 284 284 284 284 284 284 284 284 284 284 284 284 284 284 284 284 284 284 284 284 284 284 293 293 293 293 293 293 293 293 293 293 293 293 293 293 293 293 293 294 295 296 297 298 299 351 350 349 348 347 346 345 344 347 346 345 344 344 344 344 344 344 344 344 344 344 344 344 344 344 344 344 344 344 -1 
-1 190 190 190 190 190 190 190 190 190 190 190 190 190 190 190 190 190 190 190 191 190 190 190 191 190 190 190 190 190 190 190 190 190 190 190 190 285 285 285 285 285 285 285 285 285 285 285 285 285 285 285 285 285 285 285 285 285 285 285 285 285 285 285 285 285 285 285 285 285 285 285 285 285 285 285 294 294 294 294 294 294 294 294 294 294 294 294 294 294 294 294 294 295 296 297 298 352 351 350 349 348 347 346 345 348 347 346 345 345 345 345 345 345 345 345 345 345 345 346 345 345 345 345 345 345 345 -1 
-1 190 189 189 189 189 189 189 189 189 189 189 189 189 189 189 189 189 189 190 189 189 189 190 189 189 189 189 189 189 189 189 189 189 189 189 189 286 286 286 286 286 286 286 286 286 286 286 286 286 286 286 286 286 286 286 286 286 286 286 286 286 286 286 286 286 286 286 286 286 286 286 286 286 286 286 286 295 295 295 295 295 295 295 295 295 295 295 295 295 295 295 295 295 296 297 298 352 351 350 349 348 347 346 349 348 347 346 346 346 346 346 346 346 346 346 346 346 347 346 346 346 346 346 346 346 346 -1 
-1 188 189 188 188 188 188 188 188 188 188 188 188 188 188 188 188 188 189 188 188 188 189 188 188 188 188 188 188 188 188 188 188 188 188 188 188 287 287 287 287 287 287 287 287 287 287 287 287 287 287 287 287 287 287 287 287 287 287 287 287 287 287 287 287 287 287 287 287 287 287 287 287 287 287 287 287 287 296 296 296 296 296 296 296 296 296 296 296 296 296 296 296 296 296 297 298 352 351 350 349 348 347 350 349 348 347 347 347 347 347 347 347 347 347 347 347 348 347 347 347 347 347 347 347 347 347 -1 
-1 187 187 188 187 187 187 187 187 187 187 187 187 187 187 187 187 188 187 187 187 188 187 187 187 187 187 187 187 187 187 187 187 187 187 187 187 187 288 288 288 288 288 288 288 288 288 288 288 288 288 288 288 288 288 288 288 288 288 288 288 288 288 288 288 288 288 288 288 288 288 288 288 288 288 288 288 288 288 297 297 297 297 297 297 297 297 297 297 297 297 297 297 297 297 297 353 352 351 350 349 348 351 350 349 348 348 348 348 348 348 348 348 348 348 348 349 348 348 348 348 348 348 348 348 348 348 -1 
-1 186 186 186 187 186 186 186 186 186 186 186 186 186 186 186 187 186 186 186 187 186 186 186 186 186 186 186 186 186 186 186 186 186 186 186 186 186 289 289 289 289 289 289 289 289 289 289 289 289 289 289 289 289 289 289 289 289 289 289 289 289 289 289 289 289 289 289 289 289 289 289 289 289 289 289 289 289 289 289 298 298 298 298 298 298 298 298 298 298 298 298 298 298 298 298 353 352 351 350 349 352 351 350 349 349 349 349 349 349 349 349 349 349 349 350 349 349 349 349 349 349 349 349 349 349 349 -1 
-1 186 185 185 185 186 185 185 185 185 185 185 185 185 185 186 185 185 185 186 185 185 185 185 185 185 185 185 185 185 185 185 185 185 185 185 185 185 290 290 290 290 290 290 290 290 290 290 290 290 290 290 290 290 290 290 290 290 290 290 290 290 290 290 290 290 290 290 290 290 290 290 290 290 290 290 290 290 290 290 290 299 299 299 299 299 299 299 299 299 299 26 26 26 26 354 353 352 351 350 353 352 351 350 350 350 350 350 350 350 350 350 350 350 351 350 350 350 350 350 350 350 350 350 350 350 350 -1 
-1 184 185 184 184 184 185 184 184 184 184 184 184 184 185 184 184 184 185 184 184 184 184 184 184 184 184 184 184 184 184 184 184 184 184 184 184 184 184 291 291 291 291 291 291 291 291 291 291 291 291 291 291 291 291 291 291 291 291 291 291 291 291 291 291 291 291 291 291 291 291 291 291 291 291 291 291 291 291 291 291 291 300 300 300 300 300 300 300 300 27 26 25 25 25 25 353 352 351 354 353 352 351 351 351 351 351 351 351 351 351 351 351 352 351 351 351 351 351 351 351 351 351 351 351 351 351 -1 
-1 183 183 184 183 183 183 184 183 183 183 183 183 184 183 183 183 184 183 183 183 183 183 183 183 183 183 183 183 183 183 183 183 183 183 183 183 183 183 183 292 292 292 292 292 292 292 292 292 292 292 292 292 292 292 292 292 292 292 292 292 292 292 292 292 292 292 292 292 292 292 292 292 292 292 292 292 292 292 292 292 292 292 301 301 301 301 301 301 28 27 26 25 24 24 24 24 352 355 354 353 352 352 352 352 352 352 352 352 352 352 352 353 352 352 352 352 352 352 352 352 352 352 352 352 352 352 -1 
-1 182 182 182 183 182 182 182 182 182 182 182 182 182 182 182 183 182 182 182 182 182 182 182 182 182 182 182 182 182 182 182 182 182 182 182 182 182 182 182 182 293 293 293 293 293 293 293 293 293 293 293 293 293 293 293 293 293 293 293 293 293 293 293 293 293 293 293 293 293 293 293 293 293 293 293 293 293 293 293 293 293 293 293 302 302 302 302 29 28 27 26 25 24 23 23 23 23 355 354 353 353 353 353 353 353 353 353 353 353 353 354 353 353 353 353 353 353 354 353 353 353 353 353 353 353 353 -1 
-1 181 181 181 181 182 181 181 181 181 181 181 181 181 181 182 181 181 181 181 181 181 181 181 181 181 181 181 181 181 181 181 181 181 181 181 181 181 181 181 181 181 294 294 294 294 294 294 294 294 294 294 294 294 294 294 294 294 294 294 294 294 294 294 294 294 294 294 294 294 294 294 294 294 294 294 294 294 294 294 294 294 294 294 294 303 303 30 29 28 27 26 25 24 23 22 22 22 22 354 354 354 354 354 354 354 354 354 354 354 355 354 354 354 354 354 356 355 354 354 354 354 354 354 354 354 354 -1 
-1 180 180 180 180 180 180 180 180 180 180 180 180 180 180 180 180 180 180 180 180 180 180 180 180 180 180 180 180 180 180 180 180 180 180 180 180 180 180 180 180 181 182 295 295 295 295 295 295 295 295 295 295 295 295 295 295 295 295 295 295 295 295 295 295 295 295 295 295 295 295 295 295 295 295 295 295 295 295 295 295 295 295 295 295 295 31 30 29 28 27 26 25 24 23 22 21 21 21 21 355 355 355 355 355 355 355 355 355 356 355 355 355 355 355 357 356 355 355 355 355 355 355 355 355 355 355 -1 
-1 179 179 179 179 179 179 179 179 179 179 179 179 179 179 179 179 179 179 179 179 179 179 179 179 179 179 179 179 179 179 179 179 179 179 179 179 179 179 179 180 181 182 183 296 296 296 296 296 296 296 296 296 296 296 296 296 296 296 296 296 296 296 296 296 296 296 296 296 296 296 296 296 296 296 296 296 296 296 296 296 296 296 296 296 32 31 30 29 28 27 26 25 24 23 22 21 20 20 20 20 356 356 356 356 356 356 356 357 356 356 356 356 356 358 357 356 356 356 356 356 356 356 356 356 356 356 -1 
-1 178 178 178 178 178 178 178 178 178 178 178 178 178 178 178 178 178 178 178 178 178 178 178 178 178 178 178 178 178 178 178 178 178 178 178 178 178 178 179 180 181 182 178 178 178 178 297 297 297 297 297 297 297 297 297 297 297 297 297 297 297 297 297 297 297 297 297 297 297 297 297 297 297 297 297 297 297 297 297 297 297 53 52 51 32 31 30 29 28 27 26 25 24 23 22 21 20 19 19 19 19 357 357 357 357 357 358 357 357 357 357 357 359 358 357 357 357 357 357 357 357 357 357 357 357 357 -1 
-1 177 177 177 177 177 177 177 177 177 177 177 177 177 177 177 177 177 177 177 177 177 177 177 177 177 177 177 177 177 177 177 177 177 177 177 177 177 178 179 180 181 177 177 177 177 132 132 132 132 132 132 132 132 132 132 132 132 132 132 132 132 132 132 132 132 132 132 132 132 132 132 132 132 132 132 132 132 132 132 132 132 132 52 51 50 31 30 29 28 27 26 25 24 23 22 21 20 19 18 18 18 18 358 358 358 359 358 358 358 358 358 360 359 358 358 358 358 358 358 358 358 358 358 358 358 358 -1 
-1 176 176 176 176 176 176 176 176 176 176 176 176 176 176 176 176 176 176 176 176 176 176 176 176 176 176 176 176 176 176 176 176 176 176 176 176 177 178 179 180 176 176 176 176 131 131 131 131 131 131 131 131 131 131 131 131 131 131 131 131 131 131 131 131 131 131 131 131 131 131 131 131 131 131 131 131 131 131 131 131 131 131 131 51 50 49 30 29 28 27 26 25 24 23 22 21 20 19 18 17 17 17 17 359 360 359 359 359 359 359 361 360 359 359 359 359 359 359 359 359 359 359 359 359 359 359 -1 
-1 175 175 175 175 175 175 175 175 175 175 175 175 175 175 175 175 175 175 175 175 175 175 175 175 175 175 175 175 175 175 175 175 175 175 175 176 177 178 179 175 175 175 175 131 130 130 130 130 130 130 130 130 130 130 130 130 130 130 130 130 130 130 130 130 130 130 130 130 130 130 130 130 130 130 130 130 130 130 130 130 130 130 130 130 50 49 48 29 28 27 26 25 24 23 22 21 20 19 18 17 16 16 16 16 360 360 360 360 360 362 361 360 360 360 360 360 360 360 360 360 360 360 360 360 360 360 -1 
-1 174 174 174 174 174 174 174 174 174 174 174 174 174 174 174 174 174 174 174 174 174 174 174 174 174 174 174 174 174 174 174 174 174 174 175 176 177 178 174 174 174 174 130 130 130 129 129 129 129 129 129 129 129 129 129 129 129 129 129 129 129 129 129 129 129 129 129 129 129 129 129 129 129 129 129 129 129 129 129 129 129 129 129 129 129 49 48 47 28 27 26 25 24 23 22 21 20 19 18 17 16 15 15 15 15 361 361 361 363 362 361 361 361 361 361 361 361 361 361 361 361 361 361 361 361 361 -1 
-1 173 173 173 173 173 173 173 173 173 173 173 173 173 173 173 173 173 173 173 173 173 173 173 173 173 173 173 173 173 173 173 173 173 174 175 176 177 173 173 173 173 129 129 129 129 129 128 128 128 128 128 128 128 128 128 128 128 128 128 128 128 128 128 128 128 128 128 128 128 128 128 128 128 128 128 128 128 128 128 128 128 128 128 128 128 128 48 47 46 27 26 25 24 23 22 21 20 19 18 17 16 15 14 14 14 14 362 364 363 362 362 362 362 362 362 362 362 362 362 362 362 362 362 362 362 362 -1 
-1 172 172 172 172 172 172 172 172 172 172 172 172 172 172 172 172 172 172 172 172 172 172 172 172 172 172 172 172 172 172 172 172 173 174 175 176 172 172 172 172 128 128 128 128 128 128 128 127 127 127 127 127 127 127 127 127 127 127 127 127 127 127 127 127 127 127 127 127 127 127 127 127 127 127 127 127 127 127 127 127 127 127 127 127 127 127 127 47 46 45 26 25 24 23 22 21 20 19 18 17 16 15 14 13 13 13 13 364 363 363 363 363 363 363 363 363 363 363 363 363 363 363 363 363 363 363 -1 
-1 171 171 171 171 171 171 171 171 171 171 171 171 171 171 171 171 171 171 171 171 171 171 171 171 171 171 171 171 171 171 171 172 173 174 175 171 171 171 171 127 127 127 127 127 127 127 127 127 126 126 126 126 126 126 126 126 126 126 126 126 126 126 126 126 126 126 126 126 126 126 126 126 126 126 126 126 126 126 126 126 126 126 126 126 126 126 126 126 46 45 44 25 24 23 22 21 20 19 18 17 16 15 14 13 12 12 12 12 364 364 364 364 364 364 364 364 364 364 364 364 364 364 364 364 364 364 -1 
-1 170 170 170 170 170 170 170 170 170 170 170 170 170 170 170 170 170 170 170 170 170 170 170 170 170 170 170 170 170 170 171 172 173 174 170 170 170 170 126 126 126 126 126 126 126 126 126 126 126 125 125 125 125 125 125 125 125 125 125 125 125 125 125 125 125 125 125 125 125 125 125 125 125 125 125 125 125 125 125 125 125 125 125 125 125 125 125 125 125 45 44 43 24 23 22 21 20 19 18 17 16 15 14 13 12 11 11 11 11 365 365 365 365 365 365 365 365 365 365 365 365 365 365 365 365 365 -1 
-1 169 169 169 169 169 169 169 169 169 169 169 169 169 169 169 169 169 169 169 169 169 169 169 169 169 169 169 169 169 170 171 172 173 169 169 169 169 125 125 125 125 125 125 125 125 125 125 125 125 125 124 124 124 124 124 124 124 124 124 124 124 124 124 124 124 124 124 124 124 124 124 124 124 124 124 124 124 124 124 124 124 124 124 124 124 124 124 124 124 124 44 43 42 23 22 21 20 19 18 17 16 15 14 13 12 11 10 10 10 10 366 366 366 366 366 366 366 366 366 366 366 366 366 366 366 366 -1 
-1 168 168 168 168 168 168 168 168 168 168 168 168 168 168 168 168 168 168 168 168 168 168 168 168 168 168 168 168 169 170 171 172 168 168 168 168 124 124 124 124 124 124 124 124 124 124 124 124 124 124 124 123 123 123 123 123 123 123 123 123 123 123 123 123 123 123 123 123 123 123 123 123 123 123 123 123 123 123 123 123 123 123 123 123 123 123 123 123 123 123 123 43 42 41 22 21 20 19 18 17 16 15 14 13 12 11 10 9 9 9 9 367 367 367 367 367 367 367 367 367 367 367 367 367 367 367 -1 
-1 167 167 167 167 167 167 167 167 167 167 167 167 167 167 167 167 167 167 167 167 167 167 167 167 167 167 167 168 169 170 171 167 167 167 167 124 123 123 123 123 123 123 123 123 123 123 123 123 123 123 123 123 122 122 122 122 122 122 122 122 122 122 122 122 122 122 122 122 122 122 122 122 122 122 122 122 122 122 122 122 122 122 122 122 122 122 122 122 122 122 122 122 42 41 40 21 20 19 18 17 16 15 14 13 12 11 10 9 8 8 8 8 368 368 368 368 368 368 368 368 368 368 368 368 368 368 -1 
-1 166 166 166 166 166 166 166 166 166 166 166 166 166 166 166 166 166 166 166 166 166 166 166 166 166 166 167 168 169 170 166 166 166 166 125 124 123 122 122 122 122 122 122 122 122 122 122 122 122 122 122 122 122 121 121 121 121 121 121 121 121 121 121 121 121 121 121 121 121 121 121 121 121 121 121 121 121 121 121 121 121 121 121 121 121 121 121 121 121 121 121 121 121 41 40 39 20 19 18 17 16 15 14 13 12 11 10 9 8 7 7 7 7 369 369 369 369 369 369 369 369 369 369 369 369 369 -1 
-1 165 165 165 165 165 165 165 165 165 165 165 165 165 165 165 165 165 165 165 165 165 165 165 165 165 166 167 168 169 165 165 165 165 126 125 124 123 122 121 121 121 121 121 121 121 121 121 121 121 121 121 121 121 121 120 120 120 120 120 120 120 120 120 120 120 120 120 120 120 120 120 120 120 120 120 120 120 120 120 120 120 120 120 120 120 120 120 120 120 120 120 120 120 120 40 39 38 19 18 17 16 15 14 13 12 11 10 9 8 7 6 6 6 6 370 370 370 370 370 370 370 370 370 370 370 370 -1 
-1 164 164 164 164 164 164 164 164 164 164 164 164 164 164 164 164 164 164 164 164 164 164 164 164 165 166 167 168 164 164 164 164 164 164 125 124 123 122 121 120 120 120 120 120 120 120 120 120 120 120 120 120 120 120 120 119 119 119 119 119 119 119 119 119 119 119 119 119 119 119 119 119 119 119 119 119 119 119 119 119 119 119 119 119 119 119 119 119 119 119 119 119 119 119 119 39 38 37 18 17 16 15 14 13 12 11 10 9 8 7 6 5 5 5 -1 371 371 371 371 371 371 371 371 371 371 -1 -1 
-1 163 163 163 163 163 163 163 163 163 163 163 163 163 163 163 163 163 163 163 163 163 163 163 164 165 166 167 163 163 163 163 163 163 163 125 124 123 122 121 120 119 119 119 119 119 119 119 119 119 119 119 119 119 119 119 119 118 118 118 118 118 118 118 118 118 118 118 118 118 118 118 118 118 118 118 118 118 118 118 118 118 118 118 118 118 118 118 118 118 118 118 118 118 118 118 118 38 37 36 17 16 15 14 13 12 11 10 9 8 7 6 5 4 4 -1 0 0 0 0 0 0 0 0 0 0 -1 -1 
-1 162 162 162 162 162 162 162 162 162 162 162 162 162 162 162 162 162 162 162 162 162 162 163 164 165 166 162 162 162 162 162 162 162 162 125 124 123 122 121 120 119 118 118 118 118 118 118 118 118 118 118 118 118 118 118 118 118 117 117 117 117 117 117 117 117 117 117 117 117 117 117 117 117 117 117 117 117 117 117 117 117 117 117 117 117 117 117 117 117 117 117 117 117 117 117 117 117 37 36 35 16 15 14 13 12 11 10 9 8 7 6 5 4 3 -1 1 1 1 1 1 1 1 1 1 1 -1 -1 
-1 161 161 161 161 161 161 161 161 161 161 161 161 161 161 161 161 161 161 161 161 161 162 163 164 165 161 161 161 161 161 161 161 161 161 161 124 123 122 121 120 119 118 117 117 117 117 117 117 117 117 117 117 117 117 117 117 117 117 116 116 116 116 116 116 116 116 116 116 116 116 116 116 116 116 116 116 116 116 116 116 116 116 116 116 116 116 116 116 116 116 116 116 116 116 116 116 38 37 36 35 34 15 14 13 12 11 10 9 8 7 6 5 4 3 2 2 2 2 2 2 2 2 2 2 2 2 -1 
-1 160 160 160 160 160 160 160 160 160 160 160 160 160 160 160 160 160 160 160 160 161 162 163 164 160 160 160 160 160 160 160 160 160 160 125 124 123 122 121 120 119 118 117 116 116 116 116 116 116 116 116 116 116 116 116 116 116 116 116 115 115 115 115 115 115 115 115 115 115 115 115 115 115 115 115 115 115 115 115 115 115 115 115 115 115 115 115 115 115 115 115 115 115 115 115 39 38 37 36 35 34 33 14 13 12 11 10 9 8 7 6 5 4 3 3 3 3 3 3 3 3 3 3 3 3 3 -1 
-1 159 159 159 159 159 159 159 159 159 159 159 159 159 159 159 159 159 159 159 160 161 162 163 159 159 159 159 159 159 159 159 159 159 126 125 124 123 122 121 120 119 118 117 116 115 115 115 115 115 115 115 115 115 115 115 115 115 115 115 115 114 114 114 114 114 114 114 114 114 114 114 114 114 114 114 114 114 114 114 114 114 114 114 114 114 114 114 114 114 114 114 114 114 114 40 39 38 37 36 35 34 33 32 13 12 11 10 9 8 7 6 5 4 4 4 4 4 4 4 4 4 4 4 4 4 4 -1 
-1 159 158 158 158 158 158 158 158 158 158 158 158 158 158 158 158 158 158 159 160 161 162 158 158 158 158 158 158 158 158 158 158 127 126 125 124 123 122 121 120 119 118 117 116 115 114 114 114 114 114 114 114 114 114 114 114 114 114 114 114 114 113 113 113 113 113 113 113 113 113 113 113 113 113 113 113 113 113 113 113 113 113 113 113 113 113 113 113 113 113 113 113 113 41 40 39 38 37 36 35 34 33 32 31 12 11 10 9 8 7 6 5 5 5 5 5 5 5 5 5 5 5 5 5 5 5 -1 
-1 159 158 157 157 157 157 157 157 157 157 157 157 157 157 157 157 157 158 159 160 161 157 157 157 157 157 157 157 157 157 157 128 127 126 125 124 123 122 121 120 119 118 117 116 115 114 113 113 113 113 113 113 113 113 113 113 113 113 113 113 113 113 112 112 112 112 112 112 112 112 112 112 112 112 112 112 112 112 112 112 112 112 112 112 112 112 112 112 112 112 112 112 42 41 40 39 38 37 36 35 34 33 32 31 30 11 10 9 8 7 6 6 6 6 6 6 6 6 6 6 6 6 6 6 6 6 -1 
-1 159 158 157 156 156 156 156 156 156 156 156 156 156 156 156 156 157 158 159 160 156 156 156 156 156 156 156 156 156 156 129 128 127 126 125 124 123 122 121 120 119 118 117 116 115 114 113 112 112 112 112 112 112 112 112 112 112 112 112 112 112 112 112 111 111 111 111 111 111 111 111 111 111 111 111 111 111 111 111 111 111 111 111 111 111 111 111 111 111 111 111 43 42 41 40 39 38 37 36 35 34 33 32 31 30 29 10 9 8 7 7 7 7 7 7 7 7 7 7 7 7 7 7 7 7 7 -1 
-1 159 158 157 -1 155 155 155 155 155 155 155 155 155 155 155 -1 157 158 159 155 155 155 155 155 155 155 155 155 155 130 129 128 127 126 125 124 123 122 121 120 119 118 117 116 115 114 113 112 111 111 111 111 111 111 111 111 111 111 111 111 111 111 111 111 110 110 110 110 110 110 110 110 110 110 110 110 110 110 110 110 110 110 110 110 110 110 110 110 110 110 44 43 42 41 40 39 38 37 36 35 34 33 32 31 30 29 28 9 8 8 8 8 8 8 8 8 8 8 8 8 8 8 8 8 8 8 -1 
-1 159 158 158 -1 155 154 154 154 154 154 154 154 154 154 154 -1 158 158 154 154 154 154 154 154 154 154 154 154 131 130 129 128 127 126 125 124 123 122 121 120 119 118 117 116 115 114 113 112 111 110 110 110 110 110 110 110 110 110 110 110 110 110 110 110 110 109 109 109 109 109 109 109 109 109 109 109 109 109 109 109 109 109 109 109 109 109 109 109 109 45 44 43 42 41 40 39 38 37 36 35 34 33 32 31 30 29 28 27 9 9 9 9 9 9 9 9 9 9 9 9 9 9 9 9 9 9 -1 
-1 159 159 159 -1 155 154 153 153 153 153 153 153 153 153 153 -1 153 153 153 153 153 153 153 153 153 153 153 154 131 130 129 128 127 126 125 124 123 122 121 120 119 118 117 116 115 114 113 112 111 110 109 109 109 109 109 109 109 109 109 109 109 109 109 109 109 109 108 108 108 108 108 108 108 108 108 108 108 108 108 108 108 108 108 108 108 108 108 108 46 45 44 43 42 41 40 39 38 37 36 35 34 33 32 31 30 29 28 27 26 10 10 10 10 10 10 10 10 10 10 10 10 10 10 10 10 10 -1 
-1 160 160 160 -1 155 154 153 152 152 152 152 152 152 152 152 -1 152 152 152 152 152 152 152 152 152 152 153 154 131 130 129 128 127 126 125 124 123 122 121 120 119 118 117 116 115 114 113 112 111 110 109 108 108 108 108 108 108 108 108 108 108 108 108 108 109 109 108 107 107 107 107 107 107 107 107 107 107 107 107 107 107 107 107 107 107 107 107 47 46 45 44 43 42 41 40 39 38 37 36 35 34 33 32 31 30 29 28 27 26 25 11 11 11 11 11 11 11 11 11 11 11 11 11 11 11 11 -1 
-1 161 161 161 -1 155 154 153 152 151 151 151 151 151 151 151 -1 151 151 151 151 151 151 151 151 151 152 153 154 131 130 129 128 127 126 125 124 123 122 121 120 119 118 117 116 115 114 113 112 111 110 109 108 107 107 107 107 107 107 107 107 107 107 107 108 109 109 108 107 106 106 106 106 106 106 106 106 106 106 106 106 106 106 106 106 106 106 48 47 46 45 44 43 42 41 40 39 38 37 36 35 34 33 32 31 30 29 28 27 26 25 24 12 12 12 12 12 12 12 12 12 12 12 12 12 12 12 -1 
-1 162 162 162 -1 155 154 153 152 151 150 150 150 150 150 150 150 -1 150 150 150 150 150 150 150 151 152 153 154 131 130 129 128 127 126 125 124 123 122 121 120 119 118 117 116 115 114 113 112 111 110 109 108 107 106 106 106 106 106 106 106 106 106 107 108 109 109 108 107 106 105 105 105 105 105 105 105 105 105 105 105 105 105 105 105 105 49 48 47 46 45 44 43 42 41 40 39 38 37 36 35 34 33 32 31 30 29 28 27 26 25 24 23 13 13 13 13 13 13 13 13 13 13 13 13 13 13 -1 
-1 163 163 163 -1 155 154 153 152 151 150 149 149 149 149 149 149 149 -1 149 149 149 149 149 150 151 152 153 154 131 130 129 128 127 126 125 124 123 122 121 120 119 118 117 116 115 114 113 112 111 110 109 108 107 106 105 105 105 105 105 105 105 106 107 108 109 109 108 107 106 105 104 104 104 104 104 104 104 104 104 104 104 104 104 104 50 49 48 47 46 45 44 43 42 41 40 39 38 37 36 35 34 33 32 31 30 29 28 27 26 25 24 23 22 14 14 14 14 14 14 14 14 14 14 14 14 14 -1 
-1 164 164 164 -1 155 154 153 152 151 150 149 148 148 148 148 148 148 148 -1 148 148 148 149 150 151 152 153 154 131 130 129 128 127 126 125 124 123 122 121 120 119 118 117 116 115 114 113 112 111 110 109 108 107 106 105 104 104 104 104 104 105 106 107 108 109 109 108 107 106 105 104 103 103 103 103 103 103 103 103 103 103 103 103 103 50 49 48 47 46 45 44 43 42 41 40 39 38 37 36 35 34 33 32 31 30 29 28 27 26 25 24 23 22 21 15 15 15 15 15 15 15 15 15 15 15 15 -1 
-1 165 165 165 -1 155 154 153 152 151 150 149 148 147 147 147 147 147 147 147 -1 147 148 149 150 151 152 153 154 131 130 129 128 127 126 125 124 123 122 121 120 119 118 117 116 115 114 113 112 111 110 109 108 107 106 105 104 103 103 103 104 105 106 107 108 109 109 108 107 106 105 104 103 102 102 102 102 102 102 102 102 102 102 102 102 50 49 48 47 46 45 44 43 42 41 40 39 38 37 36 35 34 33 32 31 30 29 28 27 26 25 24 23 22 21 20 16 16 16 16 16 16 16 16 16 16 16 -1 
-1 166 166 166 -1 155 154 153 152 151 150 149 148 147 146 146 146 146 146 146 146 -1 -1 -1 -1 -1 -1 -1 -1 -1 -1 -1 -1 -1 -1 -1 124 123 122 121 120 119 118 117 116 115 114 113 112 111 110 109 108 107 106 105 104 103 102 -1 -1 -1 -1 -1 -1 -1 -1 -1 -1 -1 -1 -1 -1 -1 101 101 101 101 101 101 101 101 101 101 101 50 49 48 47 46 45 44 43 42 41 40 39 38 37 36 35 34 33 32 31 30 29 28 27 26 25 24 23 22 21 20 19 17 17 17 17 17 17 17 17 17 17 -1 
-1 167 167 167 -1 155 154 153 152 151 150 149 148 147 146 145 145 145 145 145 140 139 138 137 136 135 134 133 132 131 130 129 128 127 126 125 124 123 122 121 120 119 118 117 116 115 114 113 112 111 110 109 108 107 106 105 104 103 102 101 100 100 100 100 100 100 100 100 100 100 100 100 100 100 100 100 100 100 100 100 100 100 100 100 100 50 49 48 47 46 45 44 43 42 41 40 39 38 37 36 35 34 33 32 31 30 29 28 27 26 25 24 23 22 21 20 19 18 18 18 18 18 18 18 18 18 18 -1 
-1 168 168 168 -1 155 154 153 152 151 150 149 148 147 146 145 144 144 144 141 140 139 138 137 136 135 134 133 132 131 130 129 128 127 126 125 124 123 122 121 120 119 118 117 116 115 114 113 112 111 110 109 108 107 106 105 104 103 102 101 100 99 99 99 99 99 99 99 99 99 99 99 99 99 99 99 99 99 99 99 99 99 99 99 99 50 49 48 47 46 45 44 43 42 41 40 39 38 37 36 35 34 33 32 31 30 29 28 27 26 25 24 23 22 21 20 19 19 19 19 19 19 19 19 19 19 19 -1 
-1 169 169 169 -1 155 154 153 152 151 150 149 148 147 146 145 144 143 142 141 140 139 138 137 136 135 134 133 132 131 130 129 128 127 126 125 124 123 122 121 120 119 118 117 116 115 114 113 112 111 110 109 108 107 106 105 104 103 102 101 100 99 98 98 98 98 98 98 98 98 98 98 98 98 98 98 98 98 98 98 98 98 98 98 99 50 49 48 47 46 45 44 43 42 41 40 39 38 37 36 35 34 33 32 31 30 29 28 27 26 25 24 23 22 21 20 20 20 20 20 20 20 20 20 20 20 20 -1 
-1 170 170 170 -1 155 154 153 152 151 150 149 148 147 146 145 144 143 142 141 140 139 138 137 136 135 134 133 132 131 130 129 128 127 126 125 124 123 122 121 120 119 118 117 116 115 114 113 112 111 110 109 108 107 106 105 104 103 102 101 100 99 98 97 97 97 97 97 97 97 97 97 97 97 97 97 97 97 97 97 97 97 97 98 99 50 49 48 47 46 45 44 43 42 41 40 39 38 37 36 35 34 33 32 31 30 29 28 27 26 25 24 23 22 21 -1 21 21 21 21 21 21 21 21 21 21 -1 -1 
-1 171 171 171 -1 155 154 153 152 151 150 149 148 147 146 145 144 143 142 141 140 139 138 137 136 135 134 133 132 131 130 129 128 127 126 125 124 123 122 121 120 119 118 117 116 115 114 113 112 111 110 109 108 107 106 105 104 103 102 101 100 99 98 97 96 96 96 96 96 96 96 96 96 96 96 96 96 96 96 96 96 96 97 98 99 50 49 48 47 46 45 44 43 42 41 40 39 38 37 36 35 34 33 32 31 30 29 28 27 26 25 24 23 22 22 -1 22 22 22 22 22 22 22 22 22 22 -1 -1 
-1 172 172 172 -1 155 154 153 152 151 150 149 148 147 146 145 144 143 142 141 140 139 138 137 136 135 134 133 132 131 130 129 128 127 126 125 124 123 122 121 120 119 118 117 116 115 114 113 112 111 110 109 108 107 106 105 104 103 102 101 100 99 98 97 96 95 95 95 95 95 95 95 95 95 95 95 95 95 95 95 95 -1 97 98 99 50 49 48 47 46 45 44 43 42 41 40 39 38 37 36 35 34 33 32 31 30 29 28 27 26 25 24 23 23 23 -1 23 23 23 23 23 23 23 23 23 23 -1 -1 
-1 173 173 173 -1 155 154 153 152 151 150 149 148 147 146 145 144 143 142 141 140 139 138 137 136 135 134 133 132 131 130 129 128 127 126 125 124 123 122 121 120 119 118 117 116 115 114 113 112 111 110 109 108 107 106 105 104 103 102 101 100 99 98 97 96 95 94 94 94 94 94 94 94 94 94 94 94 94 94 94 94 -1 98 98 99 50 49 48 47 46 45 44 43 42 41 40 39 38 37 36 35 34 33 32 31 30 29 28 27 26 25 24 24 24 24 -1 24 24 24 24 24 24 24 24 24 24 -1 -1 
-1 174 174 174 -1 155 154 153 152 151 150 149 148 147 146 145 144 143 142 141 140 139 138 137 136 135 134 133 132 131 130 129 128 127 126 125 124 123 122 121 120 119 118 117 116 115 114 113 112 111 110 109 108 107 106 105 104 103 102 101 100 99 98 97 96 95 94 93 93 93 93 93 93 93 93 93 93 93 93 93 93 -1 99 99 99 100 49 48 47 46 45 44 43 42 41 40 39 38 37 36 35 34 33 32 31 30 29 28 27 26 25 25 25 25 25 -1 25 25 25 25 25 25 25 25 25 25 -1 -1 
-1 175 175 175 -1 155 154 153 152 151 150 149 148 147 146 145 144 143 142 141 140 139 138 137 136 135 134 133 132 131 130 129 128 127 126 125 124 123 122 121 120 119 118 117 116 115 114 113 112 111 110 109 108 107 106 105 104 103 102 101 100 99 98 97 96 95 94 93 92 92 92 92 92 92 92 92 92 92 92 92 92 -1 100 100 100 100 101 48 47 46 45 44 43 42 41 40 39 38 37 36 35 34 33 32 31 30 29 28 27 26 26 26 26 26 26 -1 26 26 26 26 26 26 26 26 26 26 -1 -1 
-1 176 176 176 -1 155 154 153 152 151 150 149 148 147 146 145 144 143 142 141 140 139 138 137 136 135 134 133 132 131 130 129 128 127 126 125 124 123 122 121 120 119 118 117 116 115 114 113 112 111 110 109 108 107 106 105 104 103 102 101 100 99 98 97 96 95 94 93 92 91 91 91 91 91 91 91 91 91 91 91 91 -1 101 101 101 101 101 102 47 46 45 44 43 42 41 40 39 38 37 36 35 34 33 32 31 30 29 28 27 27 27 27 27 27 27 -1 27 27 27 27 27 27 27 27 27 27 -1 -1 
-1 177 177 177 -1 -1 -1 -1 -1 -1 -1 -1 -1 -1 -1 -1 -1 -1 -1 -1 -1 -1 -1 -1 -1 -1 -1 -1 -1 -1 -1 -1 -1 -1 -1 -1 124 123 122 121 120 119 118 117 116 115 114 113 112 111 110 109 108 107 106 105 104 103 102 -1 -1 -1 -1 -1 96 95 94 93 92 91 90 90 90 90 90 90 90 90 90 90 90 -1 102 102 102 102 102 102 90 90 45 44 43 42 41 40 39 38 37 36 35 34 33 32 31 30 29 50 50 50 50 50 50 50 50 -1 28 28 28 28 28 28 28 28 28 28 -1 -1 
-1 178 178 178 178 179 180 181 182 151 150 149 148 147 146 145 144 143 142 141 140 139 138 137 136 135 134 133 132 131 130 129 128 127 126 125 124 123 122 121 120 119 118 117 116 115 114 113 112 111 110 109 108 107 106 105 104 103 103 103 104 99 98 97 -1 95 94 93 92 91 90 89 89 89 89 89 89 89 89 89 89 -1 89 89 89 89 89 89 89 89 89 89 89 42 41 40 39 38 37 36 35 34 33 32 53 52 51 50 49 49 49 49 49 49 49 -1 29 29 29 29 29 29 29 29 29 29 -1 -1 
-1 179 179 179 179 179 180 181 182 151 150 149 148 147 146 145 144 143 142 141 140 139 138 137 136 135 134 133 132 131 130 129 128 127 126 125 124 123 122 121 120 119 118 117 116 115 114 113 112 111 110 109 108 107 106 105 104 104 104 104 104 99 98 97 96 -1 94 93 92 91 90 88 88 88 88 88 88 88 88 88 88 -1 88 88 88 88 88 88 88 88 88 88 88 88 88 88 39 38 37 36 35 56 55 54 53 52 51 50 49 48 48 48 48 48 48 -1 30 30 30 30 30 30 30 30 30 30 -1 -1 
-1 180 180 180 180 180 180 181 182 151 150 149 148 147 146 145 144 143 142 141 140 139 138 137 136 135 134 133 132 131 130 129 128 127 126 125 124 123 122 121 120 119 118 117 116 115 114 113 112 111 110 109 108 107 106 105 105 105 105 105 100 99 98 97 96 95 -1 93 92 91 87 87 87 87 87 87 87 87 87 87 87 -1 87 87 87 87 87 87 87 87 87 87 87 87 87 88 89 38 37 36 57 56 55 54 53 52 51 50 49 48 47 47 47 47 47 -1 31 31 31 31 31 31 31 31 31 31 -1 -1 
-1 181 181 181 181 181 181 181 182 151 150 149 148 147 146 145 144 143 142 141 140 139 138 137 136 135 134 133 132 131 130 129 128 127 126 125 124 123 122 121 120 119 118 117 116 115 114 113 112 111 110 109 108 107 106 106 106 106 106 101 100 99 98 97 96 95 94 -1 92 88 87 86 86 86 86 86 86 86 86 86 86 -1 86 86 86 86 86 86 86 86 86 86 86 86 87 88 89 90 37 58 57 56 55 54 53 52 51 50 49 48 47 46 46 46 46 -1 32 32 32 32 32 32 32 32 32 32 -1 -1 
-1 182 182 182 182 182 182 182 182 151 150 149 148 147 146 145 144 143 142 141 140 139 138 137 136 135 134 133 132 131 130 129 128 127 126 125 124 123 122 121 120 119 118 117 116 115 114 113 112 111 110 109 108 107 107 107 107 107 102 101 100 99 98 97 96 95 94 93 -1 88 87 86 85 85 85 85 85 85 85 85 85 -1 85 85 85 85 85 85 85 85 85 85 85 86 87 88 89 90 59 58 57 56 55 54 53 52 51 50 49 48 47 46 45 45 45 -1 33 33 33 33 33 33 33 33 33 33 -1 -1 
-1 183 183 183 183 183 183 183 183 151 150 149 148 147 146 145 144 143 142 141 140 139 138 137 136 135 134 133 132 131 130 129 128 127 126 125 124 123 122 121 120 119 118 117 116 115 114 113 112 111 110 109 108 108 108 108 108 103 102 101 100 99 98 97 96 95 94 94 -1 88 87 86 85 84 84 84 84 84 84 84 84 -1 84 84 84 84 84 84 84 84 84 84 85 86 87 88 89 90 59 58 57 56 55 54 53 52 51 50 49 48 47 46 45 44 44 -1 34 34 34 34 34 34 34 34 34 34 -1 -1 
-1 184 184 184 184 184 184 184 152 151 150 149 148 147 146 145 144 143 142 141 140 139 138 137 136 135 134 133 132 131 130 129 128 127 126 125 124 123 122 121 120 119 118 117 116 115 114 113 112 111 110 109 109 109 109 109 104 103 102 101 100 99 98 97 96 95 95 95 -1 88 87 86 85 84 83 83 83 83 83 83 83 -1 83 83 83 83 83 83 83 83 83 84 85 86 87 88 89 90 59 58 57 56 55 54 53 52 51 50 49 48 47 46 45 44 43 -1 35 35 35 35 35 35 35 35 35 35 -1 -1 
-1 185 185 185 185 185 185 153 152 151 150 149 148 147 146 145 144 143 142 141 140 139 138 137 136 135 134 133 132 131 130 129 128 127 126 125 124 123 122 121 120 119 118 117 116 115 114 113 112 111 110 110 110 110 110 105 104 103 102 101 100 99 98 97 96 96 96 96 -1 88 87 86 85 84 83 82 82 82 82 82 82 82 -1 82 82 82 82 82 82 82 83 84 85 86 87 88 89 90 59 58 57 56 55 54 53 52 51 50 49 48 47 46 45 44 -1 42 36 36 36 36 36 36 36 36 36 36 -1 -1 
-1 186 186 186 186 186 154 153 152 151 150 149 148 147 146 145 144 143 142 141 140 139 138 137 136 135 134 133 132 131 130 129 128 127 126 125 124 123 122 121 120 119 118 117 116 115 114 113 112 111 111 111 111 111 106 105 104 103 102 101 100 99 98 97 97 97 97 97 -1 88 87 86 85 84 83 82 81 81 81 81 81 81 81 -1 81 81 81 81 81 82 83 84 85 86 87 88 89 90 59 58 57 56 55 54 53 52 51 50 49 48 47 46 45 -1 43 42 41 37 37 37 37 37 37 37 37 37 -1 -1 
-1 187 187 187 187 155 154 153 152 151 150 149 148 147 146 145 144 143 142 141 140 139 138 137 136 135 134 133 132 131 130 129 128 127 126 125 124 123 122 121 120 119 118 117 116 115 114 113 112 112 112 112 112 107 106 105 104 103 102 101 100 99 98 98 98 98 98 98 -1 88 87 86 85 84 83 82 81 80 80 80 80 80 80 80 -1 80 80 80 81 82 83 84 85 86 87 88 89 90 59 58 57 56 55 54 53 52 51 50 49 48 47 46 -1 44 43 42 41 40 38 38 38 38 38 38 38 38 -1 -1 
-1 188 188 188 156 155 154 153 152 151 150 149 148 147 146 145 144 143 142 141 140 139 138 137 136 135 134 133 132 131 130 129 128 127 126 125 124 123 122 121 120 119 118 117 116 115 114 113 113 113 113 113 108 107 106 105 104 103 102 101 100 99 99 99 99 99 99 99 -1 88 87 86 85 84 83 82 81 80 79 79 79 79 79 79 79 -1 79 80 81 82 83 84 85 86 87 88 89 90 59 58 57 56 55 54 53 52 51 50 49 48 47 -1 45 44 43 42 41 40 39 39 39 39 39 39 39 39 -1 -1 
-1 189 189 157 156 155 154 153 152 151 150 149 148 147 146 145 144 143 142 141 140 139 138 137 136 135 134 133 132 131 130 129 128 127 126 125 124 123 122 121 120 119 118 117 116 115 114 114 114 114 114 109 108 107 106 105 104 103 102 101 100 100 100 100 100 100 100 100 -1 88 87 86 85 84 83 82 81 80 79 78 78 78 78 78 78 78 -1 -1 -1 -1 -1 -1 -1 -1 -1 -1 -1 -1 -1 -1 -1 -1 -1 -1 -1 -1 -1 -1 -1 -1 -1 46 45 44 43 42 41 40 40 40 40 40 40 40 40 40 -1 -1 
-1 190 158 157 156 155 154 153 152 151 150 149 148 147 146 145 144 143 142 141 140 139 138 137 136 135 134 133 132 131 130 129 128 127 126 125 124 123 122 121 120 119 118 117 116 115 115 115 115 115 110 109 108 107 106 105 104 103 102 101 101 101 101 101 101 101 101 101 -1 88 87 86 85 84 83 82 81 80 79 78 77 77 77 77 77 73 71 70 69 68 68 66 65 64 63 62 61 60 60 58 57 56 55 54 53 52 51 50 49 48 47 46 45 44 43 42 41 41 41 41 41 41 41 41 41 41 -1 -1 
-1 159 158 157 156 155 154 153 152 151 150 149 148 147 146 145 144 143 142 141 140 139 138 137 136 135 134 133 132 131 130 129 128 127 126 125 124 123 122 121 120 119 118 117 116 116 116 116 116 111 110 109 108 107 106 105 104 103 102 102 102 102 102 102 102 102 102 102 -1 88 87 86 85 84 83 82 81 80 79 78 77 76 76 76 73 72 72 70 69 68 67 67 65 64 63 62 61 60 59 59 57 56 55 54 53 52 51 50 49 48 47 46 45 44 43 42 42 42 42 42 42 42 42 42 42 42 -1 -1 
-1 159 158 157 156 155 154 153 152 151 150 149 148 147 146 145 144 143 142 141 140 139 138 137 136 135 134 133 132 131 130 129 128 127 126 125 124 123 122 121 120 119 118 117 117 117 117 117 112 111 110 109 108 107 106 105 104 103 103 103 103 103 103 103 103 103 103 103 -1 88 87 86 85 84 83 82 81 80 79 78 77 76 75 74 73 72 71 71 69 68 67 66 66 64 63 62 61 60 59 58 58 56 55 54 53 52 51 50 49 48 47 46 45 44 43 43 43 43 43 43 43 43 43 43 43 43 -1 -1 
-1 159 158 157 156 155 154 153 152 151 150 149 148 147 146 145 144 143 142 141 140 139 138 137 136 135 134 133 132 131 130 129 128 127 126 125 124 123 122 121 120 119 118 118 118 118 118 113 112 111 110 109 108 107 106 105 104 104 104 104 104 104 104 104 104 104 104 104 -1 88 87 86 85 84 83 82 81 80 79 78 77 76 75 74 73 72 71 70 70 68 67 66 65 65 63 62 61 60 59 58 57 56 55 54 53 52 51 50 49 48 47 46 45 44 44 44 44 44 44 44 44 44 44 44 44 44 -1 -1 
-1 159 158 157 156 155 154 153 152 151 150 149 148 147 146 145 144 143 142 141 140 139 138 137 136 135 134 133 132 131 130 129 128 127 126 125 124 123 122 121 120 119 119 119 119 119 114 113 112 111 110 109 108 107 106 105 105 105 105 105 105 105 105 105 105 105 105 105 -1 88 87 86 85 84 83 82 81 80 79 78 77 76 75 74 73 72 71 70 69 68 67 66 65 64 64 62 61 60 59 58 57 56 55 54 53 52 51 50 49 48 47 46 45 45 45 45 45 45 45 45 45 45 45 45 45 45 -1 -1 
-1 159 158 157 156 155 154 153 152 151 150 149 148 147 146 145 144 143 142 141 140 139 138 137 136 135 134 133 132 131 130 129 128 127 126 125 124 123 122 121 120 120 120 120 120 115 114 113 112 111 110 109 108 107 106 106 106 106 106 106 106 106 106 106 106 106 106 106 -1 88 87 86 85 84 83 82 81 80 79 78 77 76 75 74 73 72 71 70 69 68 67 66 65 64 63 62 61 60 59 58 57 56 55 54 53 52 51 50 49 48 47 46 46 46 46 46 46 46 46 46 46 46 46 46 46 46 -1 -1 
-1 159 158 157 156 155 154 153 152 151 150 149 148 147 146 145 144 143 142 141 140 139 138 137 136 135 134 133 132 131 130 129 128 127 126 125 124 123 122 121 121 121 121 121 116 115 114 113 112 111 110 109 108 107 107 107 107 107 107 107 107 107 107 107 107 107 107 107 -1 88 87 86 85 84 83 82 81 80 79 78 77 76 75 74 73 72 71 70 69 68 67 66 65 64 63 62 61 60 59 58 57 56 55 54 53 52 51 50 49 48 47 47 47 47 47 47 47 47 47 47 47 47 47 47 47 47 -1 -1 
-1 159 158 157 156 155 154 153 152 151 150 149 148 147 146 145 144 143 142 141 140 139 138 137 136 135 134 133 132 131 130 129 128 127 126 125 124 123 122 122 122 122 122 117 116 115 114 113 112 111 110 109 108 108 108 108 108 108 108 108 108 108 108 108 108 108 108 108 -1 88 87 86 85 84 83 82 81 80 79 78 77 76 75 74 73 72 71 70 69 68 67 66 65 64 63 62 61 60 59 58 57 56 55 54 53 52 51 50 49 48 48 48 48 48 48 48 48 48 48 48 48 48 48 48 48 48 -1 -1 
-1 159 158 157 156 155 154 153 152 151 150 149 148 147 146 145 144 143 142 141 140 139 138 137 136 135 134 133 132 131 130 129 128 127 126 125 124 123 123 123 123 123 118 117 116 115 114 113 112 111 110 109 109 109 109 109 109 109 109 109 109 109 109 109 109 109 109 109 -1 88 87 86 85 84 83 82 81 80 79 78 77 76 75 74 73 72 71 70 69 68 67 66 65 64 63 62 61 60 59 58 58 56 55 54 53 52 51 50 49 49 49 49 49 49 49 49 49 49 49 49 49 49 49 49 49 49 -1 -1 
-1 159 158 157 156 155 154 153 152 151 150 149 148 147 146 145 144 143 142 141 140 139 138 137 136 135 134 133 132 131 130 129 128 127 126 125 124 124 124 124 124 119 118 117 116 115 114 113 112 111 110 110 110 110 110 110 110 110 110 110 110 110 110 110 110 110 110 110 -1 88 87 86 85 84 83 82 81 80 79 78 77 76 75 74 73 72 71 70 70 68 67 66 65 64 63 62 61 60 59 59 57 56 55 54 53 52 51 50 50 50 50 50 50 50 50 50 50 50 50 50 50 50 50 50 50 50 -1 -1 
-1 159 158 157 156 155 154 153 152 151 150 149 148 147 146 145 144 143 142 141 140 139 138 137 136 135 134 133 132 131 130 129 128 127 126 125 125 125 125 125 120 119 118 117 116 115 114 113 112 111 111 111 111 111 111 111 111 111 111 111 111 111 111 111 111 111 111 111 -1 88 87 86 85 84 83 82 81 80 79 78 77 76 75 74 73 72 71 71 69 68 67 66 65 64 64 62 61 60 60 60 57 56 55 54 53 52 51 51 51 51 51 51 51 51 51 51 51 51 51 51 51 51 51 51 51 51 -1 -1 
-1 159 158 157 156 155 154 153 152 151 150 149 148 147 146 145 144 143 142 141 140 139 138 137 136 135 134 133 132 131 130 129 128 127 126 126 126 126 126 121 120 119 118 117 116 115 114 113 112 112 112 112 112 112 112 112 112 112 112 112 112 112 112 112 112 112 112 112 -1 88 87 86 85 84 83 82 81 80 79 78 77 76 75 74 73 72 72 70 69 68 67 66 65 65 63 62 61 61 61 58 57 56 55 54 53 52 52 52 52 52 52 52 52 52 52 52 52 52 52 52 52 52 52 52 52 52 -1 -1 
-1 159 158 157 156 155 154 153 152 151 150 149 148 147 146 145 144 143 142 141 140 139 138 137 136 135 134 133 132 131 130 129 128 127 127 127 127 127 122 121 120 119 118 117 116 115 114 113 113 113 113 113 113 113 113 113 113 113 113 113 113 113 113 113 113 113 113 113 -1 88 87 86 85 84 83 82 81 80 79 78 77 76 75 74 73 73 71 70 69 68 67 66 66 64 63 62 62 62 59 58 57 56 55 54 53 53 53 53 53 53 53 53 53 53 53 53 53 53 53 53 53 53 53 53 53 53 -1 -1 
-1 159 158 157 156 155 154 153 152 151 150 149 148 147 146 145 144 143 142 141 140 139 138 137 136 135 134 133 132 131 130 129 128 128 128 128 128 123 122 121 120 119 118 117 116 115 114 114 114 114 114 114 114 114 114 114 114 114 114 114 114 114 114 114 114 114 114 114 -1 88 87 86 85 84 83 82 81 80 79 78 77 76 75 74 74 72 71 70 69 68 67 67 65 64 63 63 63 60 59 58 57 56 55 54 54 54 54 54 54 54 54 54 54 54 54 54 54 54 54 54 54 54 54 54 54 54 -1 -1 
-1 159 158 157 156 155 154 153 152 151 150 149 148 147 146 145 144 143 142 141 140 139 138 137 136 135 134 133 132 131 130 129 129 129 129 129 124 123 122 121 120 119 118 117 116 115 115 115 115 115 115 115 115 115 115 115 115 115 115 115 115 115 115 115 115 115 115 115 -1 -1 -1 -1 -1 -1 -1 -1 -1 -1 -1 -1 -1 -1 -1 -1 -1 -1 -1 -1 -1 -1 -1 -1 -1 -1 -1 -1 -1 -1 -1 -1 -1 -1 -1 -1 -1 -1 -1 -1 -1 -1 -1 -1 -1 -1 -1 -1 -1 -1 -1 -1 -1 -1 -1 -1 -1 -1 -1 -1 
-1 -1 -1 -1 -1 -1 -1 -1 -1 -1 -1 -1 -1 -1 -1 -1 -1 -1 -1 -1 -1 -1 -1 -1 -1 -1 -1 -1 -1 -1 -1 -1 -1 -1 -1 -1 -1 -1 -1 -1 -1 -1 -1 -1 -1 -1 -1 -1 -1 -1 -1 -1 -1 -1 -1 -1 -1 -1 -1 -1 -1 -1 -1 -1 -1 -1 -1 -1 -1 -1 -1 -1 -1 -1 -1 -1 -1 -1 -1 -1 -1 -1 -1 -1 -1 -1 -1 -1 -1 -1 -1 -1 -1 -1 -1 -1 -1 -1 -1 -1 -1 -1 -1 -1 -1 -1 -1 -1 -1 -1 -1 -1 -1 -1 -1 -1 -1 -1 -1 -1 -1 -1 -1 -1 -1 -1 -1 -1 
361
