11111111111111111111111111111111111111111111111111122222222222222222222222211111111111111111111111111111111111111111111111111111
12222222222222222222222222222222222222222222222221122222220022222222022222212222222222222222222222222222222222222222222222222221
12222222222222222222222222222222222222222222222221122222223330002222332222212222222222222222202222222222222222222222222222222221
12222222222222222222222222222222222222222222222221122222203333333000332222212222222222222222222222222222222222222222222222222221
12222222222222222222222222222222202222222222222221122222233333333333333222212222222222220222222220002222222222220222222222222221
12222222222222222022222222222222222222222222222221122222033333333333333222212222022222222222200000000000222222222222222222222221
12222222222222222222222222222222222222202222222222112220333333333333333322212222222222222222000000000000000022222222222222220221
12222222222222222222222222222222222222222222222022211223333333333333333332212222222222222220000000000000000002222222222222222221
12222222222222222222222222222222222222222222222222221111111111111111111111112222220002222000000000000000000000022222222022222221
12222222220222222222222222222220222222200222200022222000000000000000000000222220000000000000000000000000000000000222222222222221
12222222222222222222222202222222222220000000000000000000000000000000000000000000000000000000000000000000000000000022222222222221
12222222222222222222222222222222222000000000000000000000000000000000000000000000000000000000000000000000000000000002222222222221
12222222222222222222222222222222200000000000000000000000000000000000000000000000000000000000000000000000000000000000222222222221
12222222222222222222222222222220000000000000000000000000000000000000000000000000000000000000000000000000000000000000022222222021
12222222222222202222222220222000000000000000000000000000000000000000000000000000000000000000000000000000000000000000022222222221
12222202222222222222222222220000000000000000000000000000000000000000000000000000000000000000000000000000000000000000002222222221
12222222222222222222222222200000000000000000000000000000000000000000000000000000000000000022222222200000000000000000002222222221
12222222222222222222222222000000000000000000000002221111111111111111111111110000000022222222222022220000000000000000000222222221
12222222222222222222022200000000000000000000000222211200000000000000000322212222222222222222222222222200000000000000000222222221
12222222222222222222222000000000000000000000022222112033333333333333333322212222222022222220222222222222000000000000000222022221
12222222222222222222220000000000000002222202222221122333333333333333333322212222222222222222222222222222200000000000000222222221
12222222222202222222200000000000000222111111111111222333333333333333333332212222222222222222220222222022220000000000000022222221
12222222222222222222000000000000022221111111111111220333333333333333333332211111111111111122222222222222220000000000000022222221
12222222222222222222000000000000222211122222222222203333333333333333333222211111111111111122222222222222222000000000000002222221
12202222222222202220000000000002222111222222222220033333333333333333332222222222222222221122222222222222222000000000000002222221
12222222222222222200000000000022021112222222222203333333333333333333333222222222222222221122222222222222222200000000000000222221
12222222222222222000000000000222211122222222222033333333333333333333333300222222222222221122222220222222222200000000000000222221
12222222222222220000000000000222111222222202200333333333333333333333333333322222222222201122222222222222222200000000000000022221
12222222222222200000000000002221112222222222033333333333333333333333333333332222222222221122222222222222022220000000000000022221
12222222220222000000000000002211122222200000333333333333333333333333333333322222222222221122202222222222222220000000000000002221
12222222222220000000000000022211200022033333333333333333333333333333333333332222222222221122222222222222222220000000000000020221
12222222222200000000000000022211033330333333333333333333333333333333333333333222022222221122222222222202222220000000000000022221
12222222222200000000000000222211333333333333333333333333333333333333333333333222222022221122222222222222222222000000000000222221
12222222222200000000000002222011333333333333333333332222222333333333333333333002222222221122222222222222222220000000000000222221
12222222222000000000000022222311333333333333333222222222222222333333333333333333222222221122222222222222222220000000000000022221
12222222222000000000000222000311333333333333332222220222222222233333333333333333322222221122222222222222222220000000000000022221
12222202220000000000002022333311333333333222222222222222222222222233333333333333332222221122202222222222222200000000000000222221
12222222220000000000022222333311333333332222222222222222222202222222223333333333332222221122222222022222022200000000000000220221
12222222200000000000022222333311333333322222222222222222222222222220223333333333322222221122222222222222222000000000000000222221
12222222200000000002222222233311333332222222222222220000000022222222222233333333322222221122222222222222222000000000000000022221
12202222200000000022222222233311333332220222222200000000000000022222222222333333222222221122222222222222220000000000000000222221
12222222200000000022222222223311333332222222220000000000000000000222222222233333222222221122222222222222200000000000000002222221
12222222220000000022022222222211333322222222000000000000000000000002222222223333222222221122222222222220000000000000000002222221
12222222020000000022222222222211333322222200000000000000000000000000022222222322222222221122022222222000000000000000000022222221
12222222220000000002222220222211333322222000000000000000000000000000002222222222222222221122222222220000000000000000000022222221
12222222220000000002222222222211333322220000000000000000000000000000000222222222222220221122222222200000000000000000000222222221
12222222222000000002222222222011333222220000000000000000000000000000000022222202222222221122222222000000000000000000002222222221
12222222222000000002222222220311333222200000000000000000000000000000000022222222222222221122222220000000000000000000022222220221
12222222222000000000222222223311333220200000000000000000000000000000000002222222222222221122222220000000000000000000222222222221
12222222220000000000222222223311333222000000000000000000000000000000000002222222222222221122202200000000000000000002222222222221
12222222220000000000022222223311332222000000000000000000000000000000000000222222222222221122222200000000000000000222222222222221
12222222200000000000222222222211332222000000000000000000000000000000000000022202222222221122222000000000000000022222222222222221
12222222200000000000222222222211222222000000000000000000000000000000000000002222222222221122222000000000000002222222222222222221
12222222200000000000220222222211222220000000000000000022222200000000000000000222222022221122220000000000000022222222222222222221
12222222200000000000222222222211202220000000000000000222222222000000000000000022222222221122220000000000000222222222220222222221
12202222200000000000222222222211222220000000000000002211222222220000000000000022222222221122220000000000002220222222222222222221
12222222200000000000222222222211222220000000000000002211122222222200000000000002222222221122220000000000022222222022222222222221
12222202200000000000222222222211222220000000000000002221112222202222000000000002222222221122200000000000222222222222222222222221
12222222220000000000022222222211222220000000000000002222111222222202200000000000222222221122200000000000222222222222222222222221
12222222220000000000022222222211222220000000000000002202211122222222220000000000222222021122200000000002222222222222222222222221
12222222220000000000022222222211222220000000000000002222221112222222222000000000022222221122200000000002222222222222222222222221
12220222220000000000022222222211222222000000000000002222222111222222222200000000022222221122200000000001111111122222222111111111
12222222222000000000002222222211222202000000000000000222222211122222202200000000002222221122200000000001111111122222222111111111
12222222222000000000002220222211222222000000000000000222222221112222222220000000002222221122200000000002222222222222222222222221
12222222222000000000000222222211222222200000000000000022220222111222222220000000000222221122200000000002222222220222222222222221
12220222222000000000000222222211222222200000000000000002222222211122222222000000000222221122200000000000222222222222222222222221
12222222222000000000000022222211202222220000000000000000222222221112222222000000000022221122220000000000022222222222222222222221
12222222220000000000000220222211222222222000000000000000022220222111222222200000000022221122220000000000002202222222222222222221
12222222220000000000000222222211222222222200000000000000002222222211122222200000000002221122220000000000002222222222220222222221
12222222020000000000000222222211222222222200000000000000000222222221112222200000000002221122222000000000000222222222222222222221
12222222222000000000000222222211222222222222000000000000000222222222111222220000000002221122222000000000000222222222222222222221
12222222222000000000000222222011222222222222222000000000000022222222211122220000000002221122220200000000000022222220222222222221
12222222220000000000000222222211222222022222222200000000000022202222221122220000000000221112222220000000000002222222222222222221
12222222220000000000000222222211222222222222222220000000000002222222221122020000000000222111222222000000000000222222222222222221
12222222200000000000000222222211222222222222222222000000000002222222221122222000000000222211222222200000000000002222222202220221
12222222200000000000000222222211222222222202222222000000000000222222221122222000000000222211222222200000000000000022222222222221
12222022200000000000000022222211222222222222222202200000000000222202221122222000000000022211222222200000000000000000222222222221
12222222220000000000000222222211222022222222222222200000000000022222221122222000000000022011222022220000000000000000022222222221
12222220200000000000000222222211222222222222222222220000000000022222221122222200000000022211222222220000000000000000002222222221
12222222200000000000000222222211222222222222202220220000000000002222221122222200000000022211222222202000000000000000000222222221
12222222200000000000000020222211222222022222222222222000000000002222221122222200000000002211122222222200000000000000000222222221
12222222200000000000000022222211222222222222222222222000000000002222221122202200000000002221112222222222000000000000000022222221
12222222200000000000000022222211222222222222222222222200000000002222221122222220000000002222111222222222220000000000000000222221
12222202220000000000000222022211222222222222222222222200000000000222221122222220000000002222211122222222222000000000000000022221
12222222220000000000000222222211222222222222202222222200000000000222221122222220000000000222221112222222222200000000000000022201
12222220220000000000000222222211122222222222222222222220000000000222221122222220000000000222222111222220222200000000000000222221
12222222200000000000000222222221112222202222222222222220000000000222021122222222000000000222222211122222222220000000000000022221
12222222200000000000000222222222111222222222222222222220000000000022221122222222000000000222202221112222222220000000000000220221
12222222200000000000000222222222211122222222222222222220000000000022221122222222000000000022222222111222222222000000000000022221
12222222200000000000000222222222221112222222222222222222000000000022221122222222000000000022222222211122222222000000000000022221
12202222200000000000000022222222222111222222222222222222000000000022221122222222000000000002222222221112222222000000000000022221
12222222200000000000000022222222222211122222222222222222000000000002221122222022000000000002222222222111222220000000000000022221
12222222200000000000000022222222202221112222202222222222000000000002221122222222000000000000222222222211122220000000000000002221
12222222220000000000000022022222222222111222222222222222000000000002221122222222200000000000220222222221112220000000000000022221
12222222220000000000000002222022222222211122222222222222000000000002221122222222200000000000022222222222112220000000000000002021
12222202220000000000000002222222222222221112222222220222000000000000221122222222220000000000002222222222112222000000000000022221
12222222220000000000000000222222222222222111222222222220000000000000221122222222220000000000000222220222112222000000000000002221
12222222222000000000000000022222222022222211122222222220000000000000221122220222220000000000000022222222112222000000000000002221
12222222222000000000000000002222222222222221112222222200000000000000221122222222222000000000000002222222222220000000000000002221
12222222222000000000000000000022222222222222111222222200000000000000021122222222222000000000000000222222222200000000000000002221
12222222222000000000000000000000022222222022211122222000000000000000021122222222222000000000000000022222222000000000000000000221
12222222220000000000000000000000000002222222221122220000000000000000021122222222222000000000000000000222200000000000000000002221
12222022220000000000000000000000000000000222222222200000000000000000021122222220222200000000000000000000000000000000000000000221
12222222220000000000000000000000000000000000022200000000000000000000021122222222222200000000000000000000000000000000000000000221
12222220220000000000000000000000000000000000000000000000000000000000021122222222222200000000000000000000000000000000000000000221
12222222220000000000000000000000000000000000000000000000000000000000021122222222222200000000000000000000000000000000000000000221
12222222220000000000000000000000000000000000000000000000000000000000021122222222222220000000000000000000000000000000000000002221
12222222222000000000000000000000000000000000000000000000000000000000221122222222222220000000000000000000000000000000000000000201
12222222222000000000000000000000000000000000000000000000000000000000221122222222222222000000000000000000000000000000000000000221
12222202222200000000000000000000000000000000000000000000000000000000221122222222202222200000000000000000000000000000000000002221
12222222222200000000000000000000000000000000000000000000000000000000221122222222222222200000000000000000000000000000000000002221
12222222222220000000000000000000000000000000000000000000000000000002221122202222222222220000000000000000000000000000000000002221
12222222222200000000000000000000000000000000000000000000000000000002221122222222222222220000000000000000000000000000000000002221
12222222222220000000000000000000000000000000000000000000000000000002221122222222222222222000000000000000000000000000000000022221
12222222220222000000000000000000000000000000000000000000000000000002221122222222222222222000000000000000000000000000000000022221
12222222222222000000000000000000000000000000000000000000000000000022221122222222222222222200000000000000000000000000000000222221
12222222222222200000000000000000000000000000000000000000000000000022021122222222222222222200000000000000000000000000000022222221
12222222222222200000000000000000000000000000000000000000000000000222221122222222222222222220000000000000000000000000000222222221
12222202222222220000000000000000000000000000000000000000000000000222221122222222222222220222000000000000000000000000002222222221
12222222222222220000000000000000000000000000000000000000000000002222221122220222222222222222200000000000000000000022222222022221
12222222222222220000000000000000000000000000000000000000000000022222221122222222222222222222220000000000000022222222222222222221
12222222222202222222000000000000000000000000000000000000000000222202221122222222222222222222222000000000002220222220222222222221
12222222222222202222000000000000000000000000000000000000002222222222221122222222222222222222222222000022222222222222222222222221
12222222222222222220220000000000000000000000000000000022222222202222221122222222222222222222220222222222202222222222222222222221
12222222222222222222222222200200000222200200020000222222220222222222021122222022222222222222222222220222222222222222222222222221
12222222222222222222222222222222222222022222202222222222222222222222221122222222222222202222222222222222222222202222222222222221
12222222222222222222222202222222222222222222222222222222222222222222221122222222222222222222222222222222222222222222222222222221
11111111111111111111111111111111111111111111111111111111111111111111111111111111111111111111111111111111111111111111111111111111
