33333333333333333333333333333333333333333333333333333333333333333333333333333333333333333333333333333333333333333333333333333333
33333333333333333333333333333333333333333333333333333333333333333333333333333333333333333333333333333333333333333333333333333333
33111111111111111111111111111111111111111111111113333333333333333333333333333333333111111111111111111111111111111111111111111333
33100000000000000000000000000000000000000000000001333333333333333333333333333333331000000000000000000000000000000000000000001333
33100000000000000000000000000000000000000000000000133333333333333333333333333333310000000000000000000000000000000000000000001333
33100000000000000000000000000000000000000000000000013333333333333333333333333333100000000000000000000000000000000000000000001333
33100000000000000000000000000000000000000000000000001333333333333333333333333331000000000000000000000000000000000000000000001333
33100000000000000000000000000000000000000000000000000133333333333333333333333310000000000000000000000000000000000000000000001333
33100000000000000000000000000000000000000000000000000013333333333333333333333100000000000000000000000000000000000000000000001333
33100000000000000000000000000000000000000000000000000001333333333333333333331000000000000000000000000000000000000000000000001333
33100000000000000000000000000000000000000000000000000000133333333333333333310000000000000000000000000000000000000000000000001333
33100000000000000000000000000000000000000000000000000000013333333333333333100000000000000000000000000000000000000000000000001333
33100000000000000000000000000000000000000000000000000000001111111111111111000000000000000000000000000000000000000000000000001333
33100000000000000000000000000000000000000000000000000000000000000000000000000000000000000000000000000000000000000000000000001333
33100000000000000000000000000000000000000000000000000000000000000000000000000000000000000000000000000000000000000000000000001333
33100000000000000000000000000000000000000000000000000000000000000000000000000000000000000000000000000000000000000000000000001333
33100000000000000000000000000000000000000000000000000000000000000000000000000000000000000000000000000000000000000000000000001333
33100000000000000001111111111111111111111111111110000000000000000000000000000000000111111111111111111111111110000000000000001333
33100000000000000013333333333333333333333333333331000000000000000000000000000000001333333333333333333333333331000000000000001333
33100000000000000133333333333333333333333333333333100000000000000000000000000000013333333333333333333333333333100000000000001333
33100000000000001333333333333333333333333333333333310000000000000000000000000000133333333333333333333333333333310000000000001333
33100000000000013333333333333333333333333333333333331000000000000000000000000001333333333333333333333333333333331000000000001333
33100000000000133333333333333333333333333333333333333100000000000000000000000013333333333333333333333333333333333100000000001333
33100000000000133333333333333333333333333333333333333310000000000000000000000133333333333333333333333333333333333100000000001333
33100000000000133333333333333333333333333333333333333331000000000000000000001333333333333333333333333333333333333100000000001333
33100000000000133333333333333333333333333333333333333333100000000000000000013333333333333333333333333333333333333100000000001333
33100000000000133333333333333333333333333333333333333333310000000000000000133333333333333333333333333333333333333100000000001333
33100000000000133333333333333333333333333333333333333333331111111111111111333333333333333333333333333333333333333100000000001333
33100000000000133333333333333333333333333333333333333333333333333333333333333333333333333333333333333333333333333100000000001333
33100000000000133333333333333333333333333333333333333333333333333333333333333333333333333333333333333333333333333100000000001333
33144444444444133333333333333333333333333333333333333333333333333333333333333333333333333333333333333333333333333100000000001333
33100000000000133333333333333333333333333333333333333333333333333333333333333333333333333333333333333333333333333100000000001333
33100000000000133333333333333333333333333333333333333333333333333333333333333333333333333333333333333333333333333300000000003333
33100000000000133333333333333333333333333333333333333333333333333333333333333333333333333333333333333333333333333300000000003333
33100000000000133333333333333333333333333333333333333333333333333333333333333333333333333333333333333333333333333300000000003333
33100000000000133333333333333333333333333333333333333333333333333333333333333333333333333333333333333333333333333300000000003333
33100000000000133333333333333333333333333333333333333333333333333333333333333333333333333333333333333333333333333300000000003333
33100000000000133333333333333333333333333333333333333333333333333333333333333333333333333333333333333333333333333300000000003333
33100000000000133333333333333333333333333333333333333333333333333333333333333333333333333333333333333333333333333300000000003333
33100000000000133333333333333333333333333333333333333333333333333333333333333333333333333333333333333333333333333300000000003333
33300000000000333333333333333333333333333333333333333333333333333333333333333333333333333333333333333333333333333300000000003333
33300000000000333333333333333333333333333333333333333333333333333333333333333333333333333333333333333333333333333300000000003333
33300000000000333333333333333333333333333333333333333333333333333333333333333333333333333333333333333333333333333300000000003333
33300000000000333333333333333333333333333333333333333333333333333333333333333333333333333333333333333333333333333300000000003333
33300000000000333333333333333333333333333333333333333333333333333333333333333333333333333333333333333333333333333300000000003333
33300000000000333333333333333333333333333333333333333333333333333333333333333333333333333333333333333333333333333300000000003333
33300000000000333333333333333333333333333333333333333333333333333333333333333333333333333333333333333333333333333300000000003333
33300000000000333333333333333333333333333333333333333333333333333333333333333333333333333333333333333333333333333300000000003333
33300000000000333333333333333333333333333333333333333333333333333333333333333333333333333333333333333333333333333300000000003333
33300000000000333333333333333333333333333333333333333333333333333333333333333333333333333333333333333333333333333300000000003333
33300000000000333333333333333333333333333333333333333333333333333333333333333333333333333333333333333333333333333300000000003333
33300000000000333333333333333333333333333333333333333333333333333333333333333333333333333333333333333333333333333300000000003333
33300000000000333333333333333333333333333333333333333333333333333333333333333333333333333333333333333333333333333300000000003333
33300000000000333333333333333333333333333333333333333333333333333333333333333333333333333333333333333333333333333300000000003333
33300000000000333333333333333333333333333333333333333333333333333333333333333333333333333333333333333333333333333300000000003333
33300000000000333333333333333333333333333333333333333333333333333333333333333333333333333333333333333333333333333300000000003333
33300000000000333333333333333333333333333333333333333333333333333333333333333333333333333333333333333333333333333300000000003333
33300000000000333333333333333333333333333333333333333333333333333333333333333333333333333333333333333333333333333300000000003333
33300000000000333333333333333333333333333333333333333333333333333333333333333333333333333333333333333333333333333300000000003333
33300000000000333333333333333333333333333333333333333333333333333333333333333333333333333333333333333333333333333300000000003333
33300000000000333333333333333333333333333333333333333333333333333333333333333333333333333333333333333333333333333300000000003333
33300000000000333333333333333333333333333333333333333333333333333333333333333333333333333333333333333333333333333300000000003333
33300000000000333333333333333333333333333333333333333333333333333333333333333333333333333333333333333333333333333300000000003333
33300000000000333333333333333333333333333333333333333333333333333333333333333333333333333333333333333333333333333300000000003333
33300000000000333333333333333333333333333333333333333333333333333333333333333333333333333333333333333333333333333300000000003333
33300000000000333333333333333333333333333333333333333333333333333333333333333333333333333333333333333333333333333300000000003333
33300000000000333333333333333333333333333333333333333333333333333333333333333333333333333333333333333333333333333300000000003333
33300000000000333333333333333333333333333333333333333333333333333333333333333333333333333333333333333333333333333300000000003333
33300000000000333333333333333333333333333333333333333333333333333333333333333333333333333333333333333333333333333300000000003333
33300000000000333333333333333333333333333333333333333333333333333333333333333333333333333333333333333333333333333100000000001333
33300000000000333333333333333333333333333333333333333333333333333333333333333333333333333333333333333333333333333100000000001333
33300000000000333333333333333333333333333333333333333333333333333333333333333333333333333333333333333333333333333100000000001333
33300000000000333333333333333333333333333333333333333333333333333333333333333333333333333333333333333333333333333300000000003333
33300000000000333333333333333333333333333333333333333333333333333333333333333333333333333333333333333333333333333300000000003333
33300000000000333333333333333333333333333333333333333333333333333333333333333333333333333333333333333333333333333300000000003333
33300000000000333333333333333333333333333333333333333333333333333333333333333333333333333333333333333333333333333300000000003333
33300000000000333333333333333333333333333333333333333333333333333333333333333333333333333333333333333333333333333300000000003333
33300000000000333333333333333333333333333333333333333333333333333333333333333333333333333333333333333333333333333300000000003333
33100000000000133333333333333333333333333333333333333333333333333333333333333333333333333333333333333333333333333300000000003333
33100000000000133333333333333333333333333333333333333333333333333333333333333333333333333333333333333333333333333300000000003333
33100000000000133333333333333333333333333333333333333333333333333333333333333333333333333333333333333333333333333300000000003333
33100000000000133333333333333333333333333333333333333333333333333333333333333333333333333333333333333333333333333300000000003333
33100000000000133333333333333333333333333333333333333333333333333333333333333333333333333333333333333333333333333300000000003333
33100000000000013333333333333333333333333333333333333333333333333333333333333333333333333333333333333333333333333300000000003333
33100000000000001333333333333333333333333333333333333333333333333333333333333333333333333333333333333333333333333300000000003333
33100000000000000133333333333333333333333333333333333333333333333333333333333333333333333333333333333333333333333300000000003333
33100000000000000013333333333333333333333333333333333333333333333333333333333333333333333333333333333333333333333000000000003333
33100000000000000001111111111111113333333333333333333333311111111111111133333333333333333333333333333333333333330000000000003333
33100000000000000000000000000000000000000000000403330000000000000000000000000003333333300000000000000000000000000000000000003333
33100000000000000000000000000000000000000000000403330000000000000000000000000003333333300000000000000000000000000000000000003333
33100000000000000000000000000000000000000000000403330000000000000000000000000003333333300000000000000000000000000000000000003333
33100000000000000000000000000000000000000000000403330000000000000000000000000003333333333333333333333333333333333100000000001333
33100000000000000000000000000000000000000000000403330000000000000000000000000003333333333333333333333333333333333100000000001333
33100000000000000000000000000000000000000000000403330000000000000000000000000001333333333333333333333333333333333100000000001333
33100000000000000000000000000000000000000000000403330000000000000000000000000001333333333333333333333333333333333100000000001333
33100000000000000000000000000000000000000000000403330000000000000000000000000001333333333333333333333333333333333100000000001333
33100000000000000000000000000000000000000000000403330000000000000000000000000001333333333333333333333333333333333100000000001333
33100000000000000000000000000000000000000000000403330000000000000000000000000001333333333333333333333333333333333100000000001333
33111111111111111111111111111111113333333333333333333333311111000000000000000001333333333333333333333333333333333100000000001333
33333333333333333333333333333333333333333333333333333333333333100000000000000001333333333333333333333333333333333100000000001333
33333333333333333333333333333333333333333333333333333333333333310000000000000001333333333333333333333333333333333100000000001333
33333333333333333333333333333333333333333333333333333333333333331000000000000001333333333333333333333333333333333100000000001333
33333333333333333333333333333333333333333333333333333333333333333100000000000001333333333333333333333333333333333100000000001333
33333333333333333333333333333333333333333333333333333333333333333310000000000001333333333333333333333333333333333100000000001333
33333333333333333333333333333333333333333333333333333333333333333310000000000001333333333333333333333333333333333100000000001333
33333333333333333333333333333333333333333333333333333333333333333310000000000001333333333333333333333333333333333100000000001333
33333333333333333333333333333333333333333333333333333333333333333310000000000000133333333333333333333333333333331000000000001333
33333333333333333333333333333333333333333333333333333333333333333310000000000000013333333333333333333333333333310000000000001333
33333333333333333333333333333333333333333333333333333333333333333310000000000000001333333333333333333333333333100000000000001333
33333333333333333333333333333333333333333333333333333333333333333310000000000000000133333333333333333333333331000000000000001333
33333333333333333333333333333333333333333333333333333333333333333310000000000000000011111111111111111111111110000000000000001333
33333333333333333333333333333333333333333333333333333333333333333310000000000000000000000000000000000000000000000000000000001333
33333333333333333333333333333333333333333333333333333333333333333310000000000000000000000000000000000000000000000000000000001333
33333333333333333333333333333333333333333333333333333333333333333310000000000000000000000000000000000000000000000000000000001333
33333333333333333333333333333333333333333333333333333333333333333310000000000000000000000000000000000000000000000000000000001333
33333333333333333333333333333333333333333333333333333333333333333310000000000000000000000000000000000000000000000000000000001333
33333333333333333333333333333333333333333333333333333333333333333310000000000000000000000000000000000000000000000000000000001333
33333333333333333333333333333333333333333333333333333333333333333310000000000000000000000000000000000000000000000000000000001333
33333333333333333333333333333333333333333333333333333333333333333310000000000000000000000000000000000000000000000000000000001333
33333333333333333333333333333333333333333333333333333333333333333310000000000000000000000000000000000000000000000000000000001333
33333333333333333333333333333333333333333333333333333333333333333310000000000000000000000000000000000000000000000000000000001333
33333333333333333333333333333333333333333333333333333333333333333310000000000000000000000000000000000000000000000000000000001333
33333333333333333333333333333333333333333333333333333333333333333310000000000000000000000000000000000000000000000000000000001333
33333333333333333333333333333333333333333333333333333333333333333310000000000000000000000000000000000000000000000000000000001333
33333333333333333333333333333333333333333333333333333333333333333310000000000000000000000000000000000000000000000000000000001333
33333333333333333333333333333333333333333333333333333333333333333311111111111111111111111111111111111111111111111111111111111333
33333333333333333333333333333333333333333333333333333333333333333333333333333333333333333333333333333333333333333333333333333333
