11111111111111111111111111111111111111111111111111111111111111111111111111111111111111111111100000000000000000000000000000000000
10000000000000000000000000000000000000000000000000000000000000000000000000000000000000000000100000000000000000000000000000000000
12222222222222222222222222222222222222222222222222222222222222222222222222222222222222222222100000000000000000000000000000000000
12222222222222222222222222222222222222222222222222222222222222222222222222222222222222222222100000000000000000000000000000000000
12222222222222222222222222222222222222222222222222222222222222222222222222222222222222222222100000000000000000000000000000000000
12222222222222222220000000000000000000000000000000000000000000000000022222222222222222222222100000000000000000000000000000000000
12222222222222200000000000000000000000000000000000000000000000000000000002222222222222222222100000000000000000000000000000000000
12222222222220000000000000000000000000000000000000000000000000000000000000022222222222222222100000000000000000000000000000000000
12222222222200000000000000000000000000000000000000000000000000000000000000002222222222222222100000000000000000000000000000000000
12222222222000000000000000000000000000000000000000000000000000000000000000000222222222222222100000000000000000000000000000000000
12222222220000000000000000000000000000000000000000000000000000000000000000000022222222222222100000000000000000000000000000000000
12222222200000000000000000000000000000000000000000000000000000000000000000000002222222222222100000000000000000000000000000000000
12222222000000000000000000000000000000000000000000000000000000000000000000000000222222222222100000000000000000000000000000000000
12222220000000000000000000000000000000000000000000000000000000000000000000000000222222222222100000000000000000000000000000000000
12222220000000000000000000000000000000000000000000000000000000000000000000000000022222222222100000000000000000000000000000000000
12222200000000000000000000002222222222222222222222222222220000000000000000000000022222222222100000000000000000000000000000000000
12222200000000000000000222222222222222222222222222222222222222220000000000000000002222222222100000000000000000000000000000000000
12222200000000000000222222222222222222222222222222222222222222222220000000000000002222222222100000000000000000000000000000000000
12222000000000000002222222222222222222222222222222222222222222222222000000000000002222222222100000000000000000000000000000000000
12222000000000000022222222222222222222222222222222222222222222222222200000000000002222222222100000000000000000000000000000000000
12222000000000000222222222222222222222222222222222222222222222222222220000000000002222222222100000000000000000000000000000000000
12222000000000000222222222222222222222222222222222222222222222222222220000000000002222222222100000000000000000000000000000000000
12222000000000000222222222222222222222222222222222222222222222222222220000000000002222222222100000000000000000000000000000000000
12222000000000002222222222222222222222222222222222222222222222222222220000000000000222222222100000000000000000000000000000000000
12222000000000002222222222222222222222222222222222222222222222222222220000000000000222222222111111111111111111111111111111111111
12222000000000002222222222222222222222222222222222222222222222222222220000000000000222222222000000000000000000000000000000000001
12222000000000002222222222222222222222222222222222222222222222222222220000000000000222222222222222222222222222222222222222222221
12222000000000022222222222222222222222222222222222222222222222222222222000000000000222222222222222222222222222222222222222222221
12222000000000022222222222222222222222222222222222222222222222222222222000000000000222222222222222222222222222222222222222222221
12222000000000022222222222222222222222222222222222222222222222222222222000000000000022222222222222222222222222222222222222222221
12222000000000022222222222222222222222222222222222222222222222222222222000000000000000222222222222222222222222222222222222222221
12222000000000022222222222222222222222222222222222222222222222222222222000000000000000000000000000000000002222222222222222222221
12222000000000022222222222222222222222222222222222222222222222222222222000000000000000000000000000000000000000222222222222222221
12222000000000022222222222222222222222222222222222222222222222222222222000000000000000000000000000000000000000002222222222222221
12222000000000022222222222222222222222222222222222222222222222222222222200000000000000000000000000000000000000000222222222222221
12222000000000022222222222222222222222222222222222222222222222222222222200000000000000000000000000000000000000000022222222222221
12222000000000022222222222222222222222222222222222222222222222222222222200000000000000000000000000000000000000000002222222222221
12222000000000022222222222222222222222222222222222222222222222222222222220000000000000000000000000000000000000000000222222222221
12222000000000022222222222222222222222222222222222222222222222222222222222000000000000000000000000000000000000000000022222222221
12222000000000022222222222222222222222222222222222222222222222222222222222200000000000000000000000000000000000000000002222222221
12222000000000022222222222222222222222222222222222222222222222222222222222222000000000000000000000000000000000000000002222222221
12222000000000022222222222222222222222222222222222222222222222222222222222222222222222222222222200000000000000000000000222222221
12222000000000022222222222222222222222222222222222222222222222222222222222222222222222222222222222222200000000000000000222222221
12222000000000022222222222222222222222222222222222222222222222222222222222222222222222222222222222222222200000000000000022222221
12222000000000022221111111111111111111111111111111111111111111111111111111111111111111111111111112222222220000000000000022222221
12222000000000022221000000000000000000000000000000000000000000000000000000000000000000000000000012222222222000000000000022222221
12222000000000022221000000000000000000000000000000000000000000000000000000000000000000000000000012222222222200000000000022222221
12222000000000022221111111111111111111111111111111111111111111111111111111111111111111110000000012222222222200000000000022222221
12222000000000022220000000000000000000000000000000000000000000000000000000000000000000010000000012222222222220000000000022222221
12222000000000022222222222222222222222222222222222222222222222222222222222222222222222210000000012222222222220000000000022222221
12222000000000022222222222222222222222222222222222222222222220000000022222222222222222210000000012222222222220000000000022222221
12222000000000002222222222222222222222222222222222222222200000000000000002222222222222210000000012222222222220000000000022222221
12222000000000002222222222222222222222222222222222222000000000000000000000022222222222210000000012222222222220000000000022222221
12222000000000002222222222222222222222222222222222200000000000000000000000002222222222210000000012222222222220000000000022222221
12222000000000002222222222222222222222222222222220000000000000000000000000000222222222210000000012222222222220000000000022222221
12222000000000002222222222222222222222222222222000000000000000000000000000000022222222210000000012222222222222000000000022222221
12222000000000002222222222222222222222222222200000000000000000000000000000000002222222210000000012222222222222000000000022222221
12222000000000002222222222222222222222222220000000000000000000000000000000000000222222210000000012222222222222000000000022222221
12222000000000000222222222222222222222222000000000000000000000000000000000000000222222210000000012222222222222000000000022222221
12222000000000000022222222222222222222200000000000000000000000000000000000000000022222210000000012222222222222000000000022222221
12222000000000000000222222222222222220000000000000000000000000000000000000000000022222210000000012222222222222000000000022222221
12222000000000000000000022222200000000000000000000000000000022222222200000000000002222210000000012222222222222000000000022222221
12222000000000000000000000000000000000000000000000000000022222222222220000000000002222210000000012222222222222000000000022222221
12222200000000000000000000000000000000000000000000000002222222222222222000000000002222210000000012222222222222000000000022222221
12222200000000000000000000000000000000000000000000002222211111111112222000000000002222210000000012222222222222000000000022222221
12222200000000000000000000000000000000000000000000222222210000000012222000000000002222210000000012222222222222000000000022222221
12222220000000000000000000000000000000000000000022222222210000000012222000000000002222210000000012222222222222000000000022222221
12222220000000000000000000000000000000000000002222222222210000000012222000000000002222210000000012222222222222000000000022222221
12222222000000000000000000000000000000000000222222222222210000000012222200000000002222210000000012222222222222000000000022222221
12222222200000000000000000000000000000000022222222222222210000000012222200000000002222210000000012222222222222000000000022222221
12222222220000000000000000000000000000222222222222222222210000000012222200000000002222210000000012222222222222000000000022222221
12222222222200000000000000000000002222222222222222222222210000000012222200000000002222210000000012222222222222000000000022222221
12222222222222000000000000000022222222222222222222222222210000000012222200000000002222210000000012222222222222000000000022222221
12222222222222222222222222222222222222222222222222222222210000000012222200000000002222210000000012222222222220000000000022222221
12222222222222222222222222222222222222222222222222222222210000000012222200000000002222210000000012222222222220000000000022222221
11111111111111111111111111111111111111111111111111111111110000000012222200000000002222210000000012222222222220000000000022222221
00000000000000000000000000000000000000000000000000000000000000000012222200000000002222210000000012222222222220000000000022222221
00000000000000000000000000000000000000000000000000000000000000000012222200000000002222210000000012222222222220000000000022222221
11111111111111111111111111111111111111111111111111111111111111111111111100000000001111111111111112222222222200000000000022222221
10000000000000000000000000000000000000000000000000000000000000000000000100000000001000000000000002222222222200000000000022222221
12222222222222222222222222222222222222222222222222222222222222222222222100000000001222222222222222222222222000000000000022222221
12222222222222222222222222222222222222222222222222222222222222222222222100000000001222222222222222222222200000000000000022222221
12222222222222222222222222222222222222222222222222222222222222222222222100000000001222222222222222222000000000000000000022222221
12222222222222222222222200000000000000000000000000000000000000000000000000000000000200000000000000000000000000000000000222222221
12222222222222222222220000000000000000000000000000000000000000000000000000000000000200000000000000000000000000000000000222222221
12222222222222222222200000000000000000000000000000000000000000000000000000000000000200000000000000000000000000000000000222222221
12222222222222222222000000000000000000000000000000000000000000000000000000000000000200000000000000000000000000000000002222222221
12222222222222222220000000000000000000000000000000000000000000000000000000000000000200000000000000000000000000000000022222222221
12222222222222222200000000000000000000000000000000000000000000000000000000000000000200000000000000000000000000000000222222222221
12222222222222222200000000000000000000000000000000000000000000000000000000000000000200000000000000000000000000000002222222222221
12222222222222222000000000000000000000000000000000000000000000000000000000000000000200000000000000000000000000000222222222222221
12222222222222220000000000000000000000000000000000000000000000000000000000000000000200000000000000000000000000022222222222222221
12222222222222200000000000000000000000000000000000000000000000000000000000000000000200000000000000000000000222222222222222222221
12222222222222000000000000000000000022222222222222222222222222220000000100000000001222222222222222222222222222222222222222222221
12222222222220000000000000000000222222222222222222222222222222222222222100000000001222222222222222222222222222222222222222222221
12222222222200000000000000000022222222222222222222222222222222222222222100000000001222222222222222222222222222222222222222222221
12222222222000000000000000000222222222222222222222222222222222222222222100000000001222222222222222222222222222222222222222222221
12222222220000000000000000002221111111111111111111111111111111111111111100000000001111111111111111111111111111111111111111111111
12222222200000000000000000022221000000000000000000000000000000000010000000000000000000010000000000000000000000000000000000000000
12222222000000000000000000222111000000000000000000000000000000000012222200000000002222210000000000000000000000000000000000000000
12222222000000000000000002222100000000000000000000000000000000000012222200000000002222210000000000000000000000000000000000000000
12222220000000000000000022211100011111111111111111111111111111111112222000000000002222210000000000000000000000000000000000000000
12222220000000000000000222210000010000000000000000000000000000000002222000000000002222210000000000000000000000000000000000000000
12222220000000000000002221110111112222222222222222222222222222222222222000000000002222210000000000000000000000000000000000000000
12222200000000000000022111000100002222222222222222222222222222222222220000000000002222210000000000000000000000000000000000000000
12222200000000000000022100011122222222222222222222222222222222222222000000000000002222210000000000000000000000000000000000000000
12222200000000000000022111110022222200000000000000000000000000000000000000000000002222210000000000000000000000000000000000000000
12222200000000000000022000002222000000000000000000000000000000000000000000000000022222210000000000000000000000000000000000000000
12222200000000000000000222220000000000000000000000000000000000000000000000000000022222210000000000000000000000000000000000000000
12222200000000000000000000000000000000000000000000000000000000000000000000000000022222210000000000000000000000000000000000000000
12222200000000000000000000000000000000000000000000000000000000000000000000000000222222210000000000000000000000000000000000000000
12222200000000000000000000000000000000000000000000000000000000000000000000000000222222210000000000000000000000000000000000000000
12222200000000000000000000000000000000000000000000000000000000000000000000000002222222210000000000000000000000000000000000000000
12222220000000000000000000000000000000000000000000000000000000000000000000000022222222210000000000000000000000000000000000000000
12222220000000000000000000000000000000000000000000000000000000000000000000000222222222210000000000000000000000000000000000000000
12222220000000000000000000000000000000000000000000000000000000000000000000002222222222210000000000000000000000000000000000000000
12222222000000000000000000000000000000000000000000000000000000000000000000222222222222210000000000000000000000000000000000000000
12222222000000000000000000000000000000000000000000000000000000000000000022222222222222210000000000000000000000000000000000000000
12222222200000000000000000000000000000000000000000000222222222222222222222222222222222210000000000000000000000000000000000000000
12222222220000000000000000000000000000000222222222222222222222222222222222222222222222210000000000000000000000000000000000000000
12222222222200000000000000000000000002222222222222222222222222222222222222222222222222210000000000000000000000000000000000000000
12222222222222000000000000000000022222222222222222222222222222222222222222222222222222210000000000000000000000000000000000000000
12222222222222222222222222222222222222222222222222222222222222222222222222222222222222210000000000000000000000000000000000000000
12222222222222222222222222222222222222222222222222222222222222222222222222222222222222210000000000000000000000000000000000000000
12222222222222222222222222222222222222222222222222222222222222222222222222222222222222210000000000000000000000000000000000000000
12222222222222222222222222222222222222222222222222222222222222222222222222222222222222210000000000000000000000000000000000000000
12222222222222222222222222222222222222222222222222222222222222222222222222222222222222210000000000000000000000000000000000000000
11111111111111111111111111111111111111111111111111111111111111111111111111111111111111110000000000000000000000000000000000000000
776 408 240 8
1
536 520 160 8