33333333333333333333333333333333333333333333333333333333333333333333333333333333333333333333333333333333333333333333333333333333
33333333333333333333333333333333333333333333333333333333333333333333333333333333333333333333333333333333333333333333333333333333
33333333333333333333333333333333333333333333333333333333333333333333333333333333333333333333333333333333333333333333333333333333
33333333333330000000000000000000000000000000000000000000000000000000000000000000000000000000003333333333333333333333333333333333
33333333330000000000000000000000000000000000000000000000000000000000000000000000000000000000000033333333333333333333333333333333
33333333000000000000000000000000000000000000000000000000000000000000000000000000000000000000000003333333333333333333333333333333
33333330000000000000000000000000000000000000000000000000000000000000000000000000000000000000000000333333333333333333333333333333
33333300000000000000000000000000000000000000000000000000000000000000000000000000000000000000000000033333333333333333333333333333
33333000000000000000000000000000000000000000000000000000000000000000000000000000000000000000000000033333333333333333333333333333
33333000000000000000000000000000000000000000000000000000000000000000000000000000000000000000000000003333333333333333333333333333
33330000000000000000000000000000000000000000000000000000000000000000000000000000000000000000000000003333333333333333333333333333
33330000000000000000000000000000000000000000000000000000000000000000000000000000000000000000000000003333333333333333333333333333
33330000000000000333333333333333333333333333333333333333333333333333333333333333333333000000000000003333333333333333333333333333
33330000000000033333333333333333333333333333333333333333333333333333333333333333333333300000000000003333333333333333333333333333
33330000000000333333333333333333333333333333333333333333333333333333333333333333333333330000000000003333333333333333333333333333
33330000000003333333333333333333333333333333333333333333333333333333333333333333333333330000000000003333333333333333333333333333
33330000000003333333333333333333333333333333333333333333333333333333333333333333333333330000000000003333333333333333333333333333
33330000000033333333333333333333333333333333333333333333333333333333333333333333333333330000000000003333333333333333333333333333
33330000000033333333333333333333333333333333333333333333333333333333333333333333333333330000000000003333333333333333333333333333
33330000000033333333333333333333333333333333333333333333333333333333333333333333333333330000000000003333333333333333333333333333
33330000000033333333333333333333333333333333333333333333333333333333333333333333333333330000000000003333333333333333333333333333
33330000000033333333333333333333333333333333333333333333333333333333333333333333333333330000000000003333333333333333333333333333
33330000000033333333333333333333333333333333333333333333333333333333333333333333333333330000000000003333333333333333333333333333
33330000000033333333333333333333333333333333333333333333333333333333333333333333333333330000000000003333333333333333333333333333
33330000000033333333333333333333333333333333333333333333333333333333333333333333333333330000000000003333333333333333333333333333
33330000000033333333333333333333333333333333333333333333333333333333333333333333333333330000000000003333333333333333333333333333
33330000000033333333333333333333333333333333333333333333333333333333333333333333333333330000000000003333333333333333333333333333
33330000000033333333333333333333333333333333333333333333333333333333333333333333333333330000000000003333333333333333333333333333
33330000000033333333333333333333333333333333333333333333333333333333333333333333333333330000000000003333333333333333333333333333
33330000000033333333333333333333333333333333333333333333333333333333333333333333333333330000000000003333333333333333333333333333
33330000000033333333333333333333333333333333333333333333333333333333333333333333333333330000000000003333333333333333333333333333
33330000000033333333333333333333333333333333333333333333333333333333333333333333333333330000000000003333333333333333333333333333
33330000000033333333333333333333333333333333333333333333333333333333333333333333333333330000000000003333333333333333333333333333
33330000000033333333333333333333333333333333333333333333333333333333333333333333333333330000000000003333333333333333333333333333
33330000000033333333333333333333333333333333333333333333333333333333333333333333333333330000000000003333333333333333333333333333
33330000000033333333333333333333333333333333333333333333333333333333333333333333333333330000000000003333333333333333333333333333
33330000000033333333333333333333333333333333333333333333333333333333333333333333333333330000000000003333333333333333333333333333
33330000000033333333333333333333333333333333333333333333333333333333333333333333333333330000000000003333333333333333333333333333
33330000000033333333333333333333333333333333333333333333333333333333333333333333333333330000000000003333333333333333333333333333
33330000000033333333333333333333333333333333333333333333333333333333333333333333333333330000000000003333333333333333333333333333
33330000000033333333333333333333333333333333333333333333333333333333333333333333333333330000000000003333333333333333333333333333
33330000000033333333333333333333333333333333333333333333333333333333333333333333333333330000000000003333333333333333333333333333
33330000000033333333333333333333333333333333333333333333333333333333333333333333333333330000000000003333333333333333333333333333
33330000000033333333333333333333333333333333333333333333333333333333333333333333333333330000000000003333333333333333333333333333
33330000000033333333333333333333333333333333333333333333333333333333333333333333333333330000000000003333333333333333333333333333
33330000000033333333333333333333333333333333333333333333333333333333333333333333333333330000000000003333333333333333333333333333
33330000000033333333333333333333333333333333333333333333333333333333333333333333333333330000000000003333333333333333333333333333
33330000000033333333333333333333333333333333333333333333333333333333333333333333333333330000000000003333333333333333333333333333
33330000000033333333333333333333333333333333333333333333333333333333333333333333333333300000000000003333333333333333333333333333
33330000000033333333333333333333333333333333333333333333333333333333333333333333333333000000000000003333333333333333333333333333
33330000000033333333333333333333333333333333333333333333333333333333333333333333333330000000000000003333333333333333333333333333
33330000000033333333333333333333333333333000000000000000000000000000000000000000000000000000000000003333333333333333333333333333
33330000000033333333333333333333333333300000000000000000000000000000000000000000000000000000000000003333333333333333333333333333
33330000000033333333333333333333333333000000000000000000000000000000000000000000000000000000000000003333333333333333333333333333
33330000000033333333333333333333333330000000000000000000000000000000000000000000000000000000000000033333333333333333333333333333
33330000000033333333333333333333333300000000000000000000000000000000000000000000000000000000000000033333333333333333333333333333
33330000000033333333333333333333333300000000000000000000000000000000000000000000000000000000000000333333333333333333333333333333
33330000000033333333333333333333333000000000000000000000000000000000000000000000000000000000000003333333333333333333333333333333
33330000000033333333333333333333333000000000000000000000000000000000000000000000000000000000000333333333333333333333333333333333
33330000000033333333333333333333330000000000000033333333333333333333333333333333333333333333333333333333333333333333333333333333
33330000000033333333333333333333330000000000000333333333333333333333333333333333333333333333333333333333333333333333333333333333
33330000000033333333333333333333330000000000003333333333333333333333333333333333333333333333333333333333333333333333333333333333
33330000000033333333333333333333330000000000003333333333333333333333333333333333333333333333333333333333333333333333333333333333
33330000000033333333333333333333330000000000003333333333333333333333333333333333333333333333333333333333333333333333333333333333
33330000000033333333333333333333330000000000003333333333333333333333333333333333333333333333333333333333333333333333333333333333
33330000000033333333333333333333330000000000003333333333333333333333333333333333333333333333333333333333333333333333333333333333
33330000000033333333333333333333330000000000003333333333333333333333333333333333333333333333333333333333333333333333333333333333
33330000000033333333333333333333330000000000003333333333333333333333333333333333333333333333333333333333333333333333333333333333
33330000000033333333333333333333330000000000003333333333333333333333333333333333333333333333333333333333333333333333333333333333
33330000000033333333333333333333330000000000003333333333333333333333333333333333333333333333333333333333333333333333333333333333
33330000000033333333333333333333330000000000003333333333333333333333333333333333333333333333333333333333333333333333333333333333
33330000000033333333333333333333330000000000003333333333333333333333333333333333333333333333333333333333333333333333333333333333
33330000000033333333333333333333330000000000003333333333333333333333333333333333333333333333333333333333333333333333333333333333
33330000000033333333333333333333330000000000003333333333333333333333333333333333333333333333333333333333333333333333333333333333
33330000000033333333333333333333330000000000003333333333333333333333333333333333333333333333333333333333333333333333333333333333
33330000000033333333333333333333330000000000003333333333333333333333333333333333333333333333333333333333333333333333333333333333
33330000000033333333333333333333330000000000003333333333333333333333333333333333333333333333333333333333333333333333333333333333
33330000000033333333333333333333330000000000003333333333333333333333333333333333333333333333333333333333333333333333333333333333
33330000000033333333333333333333330000000000000333333333333333333333333333333333333333333333333333333333333333333333333333333333
33330000000033333333333333333333330000000000000003333333333333333333333333333333333333333333333333333333333333333333333333333333
33330000000033333333333333333333330000000000000000033333333333333333333333333333333333333333333333333333333333333333333333333333
33330000000033333333333333333333330000000000000000000000000000000000000000000000000000000000000000000000000000000000000033333333
33330000000033333333333333333333333000000000000000000000000000000000000000000000000000000000000000000000000000000000000003333333
33330000000033333333333333333333333000000000000000000000000000000000000000000000000000000000000000000000000000000000000000333333
33330000000033333333333333333333333300000000000000000000000000000000000000000000000000000000000000000000000000000000000000033333
33330000000033333333333333333333333330000000000000000000000000000000000000000000000000000000000000000000000000000000000000033333
33330000000033333333333333333333333333300000000000000000000000000000000000000000000000000000000000000000000000000000000000003333
33330000000033333333333333333333333333333333333333333333333333333333333333333333333333333333333333333333333333333300000000003333
33330000000033333333333333333333333333333333333333333333333333333333333333333333333333333333333333333333333333333330000000003333
33330000000033333333333333333333333333333333333333333333333333333333333333333333333333333333333333333333333333333333000000003333
33330000000033333333333333333333333333333333333333333333333333333333333333333333333333333333333333333333333333333333000000003333
33330000000033333333333333333333333333333333333333333333333333333333333333333333333333333333333333333333333333333333000000003333
33330000000033333333333333333333333333333333333333333333333333333333333333333333333333333333333333333333333333333333000000003333
33330000000033333333333333333333333333333333333333333333333333333333333333333333333333333333333333333333333333333333000000003333
33330000000033333333333333333333333333333333333333333333333333333333333333333333333333333333333333333333333333333333000000003333
33330000000033333333333333333333333333333333333333333333333333333333333333333333333333333333333333333333333333333333000000003333
33330000000033333333333333333333333333333333333333333333333333333333333333333333333333333333333333333333333333333333000000003333
33330000000033333333333333333333333333333333333333333333333333333333333333333333333333333333333333333333333333333333000000003333
33330000000033333333333333333333333333333333333333333333333333333333333333333333333333333333333333333333333333333333000000003333
33330000000033333333333333333333333333333333333333333333333333333333333333333333333333333333333333333333333333333333000000003333
33330000000033333333333333333333333333333333333333333333333333333333333333333333333333333333333333333333333333333333000000003333
33330000000033333333333333333333333333333333333333333333333333333333333333333333333333333333333333333333333333333333000000003333
33330000000033333333333333333333333333333333333333333333333333333333333333333333333333333333333333333333333333333333000000003333
33330000000033333333333333333333333333333333333333333333333333333333333333333333333333333333333333333333333333333333000000003333
33330000000033333333333333333333333333333333333333333333333333333333333333333333333333333333333333333333333333333333000000003333
33330000000033333333333333333333333333333333333333333333333333333333333333333333333333333333333333333333333333333333000000003333
33330000000033333333333333333333333333333333333333333333333333333333333333333333333333333333333333333333333333333333000000003333
33330000000033333333333333333333333333333333333333333333333333333333333333333333333333333333333333333333333333333333000000003333
33330000000033333333333333333333333333333333333333333333333333333333333333333333333333333333333333333333333333333333000000003333
33330000000033333333333333333333333333333333333333333333333333333333333333333333333333333333333333333333333333333333000000003333
33330000000033333333333333333333333333333333333333333333333333333333333333333333333333333333333333333333333333333333000000003333
33330000000003333333333333333333333333333333333333333333333333333333333333333333333333333333333333333333333333333333000000003333
33330000000003333333333333000000000000000000000000000000000003333333333333333333333333333333333333333333333333333333000000003333
33330000000000333333333000000000000000000000000000000000000000003333333333333333333333333333333333333333333333333330000000003333
33330000000000033333000000000000000000000000000000000000000000000003333333333333333333333333333333333333333333333000000000003333
33330000000000000000000000000000000000000000000000000000000000000000003333333333333333333333333333333333300000000000000000003333
33333000000000000000000000000000033333333333333333333300000000000000000000000000000000000000000000000000000000000000000000003333
33333000000000000000000000000003333333333333333333333333000000000000000000000000000000000000000000000000000000000000000000003333
33333300000000000000000000000003333333333333333333333333000000000000000000000000000000000000000000000000000000000000000000033333
33333330000000000000000000000000033333333333333333333300000000000000000000000000000000000000000000000000000000000000000000333333
33333333300000000000000000000000000000000000000000000000000000000000003333333333333333333333333333333333300000000000000003333333
33333333333333333333000000000000000000000000000000000000000000000003333333333333333333333333333333333333333333333333333333333333
33333333333333333333333000000000000000000000000000000000000000003333333333333333333333333333333333333333333333333333333333333333
33333333333333333333333333000000000000000000000000000000000003333333333333333333333333333333333333333333333333333333333333333333
33333333333333333333333333333333333333333333333333333333333333333333333333333333333333333333333333333333333333333333333333333333
33333333333333333333333333333333333333333333333333333333333333333333333333333333333333333333333333333333333333333333333333333333
33333333333333333333333333333333333333333333333333333333333333333333333333333333333333333333333333333333333333333333333333333333
33333333333333333333333333333333333333333333333333333333333333333333333333333333333333333333333333333333333333333333333333333333
