11111111111111111111111111111111111111111111111111122222222222222222222222211111111111111111111111111111111111111111111111111111
12222222222222222222222222222222222222222222222221122222220022222222022222212222222222222222222222222222222222222222222222222221
12222222222222222222222222222222222222222222222221122222203330002220332222212222222222222222222222222222222222222222222222222221
12222222222222222222222222222222222222222222222221122222233333333003332222212222222222222222222222222222222222222222222222222221
12222222222222222222222222222222222222222222222221122222033333333333333222212222222222222222222200002222222222222222222222222221
12222222222222222222222222222222222222222222222221122222333333333333333222212222222222222222200000000000222222222222222222222221
12222222222222222222222222222222222222222222222222112223333333333333333322212222222222222222000000000000000022222222222222222221
12222222222222222222222222222222222222222222222222211203333333333333333332212222222222222220000000000000000000222222222222222221
12222222222222222222222222222222222222222222222222221111111111111111111111112222220002220000000000000000000000002222222222222221
12222222222222222222222222222222222222200022000022222000000000000000000000222200000000000000000000000000000000000222222222222221
12222222222222222222222222222222222220000000000000000000000000000000000000000000000000000000000000000000000000000022222222222221
12222222222222222222222222222222222000000000000000000000000000000000000000000000000000000000000000000000000000000002222222222221
12222222222222222222222222222222200000000000000000000000000000000000000000000000000000000000000000000000000000000000222222222221
12222222222222222222222222222220000000000000000000000000000000000000000000000000000000000000000000000000000000000000222222222221
12222222222222222222222222222000000000000000000000000000000000000000000000000000000000000000000000000000000000000000022222222221
12222222222222222222222222220000000000000000000000000000000000000000000000000000000000000002222220000000000000000000022222222221
12222222222222222222222222200000000000000000000000222000000000000000000000200000000002222222222222200000000000000000002222222221
12222222222222222222222222000000000000000000000022221111111111111111111111112002222222222222222222222000000000000000002222222221
12222222222222222222222200000000000000000000002222211033333333333333333322212222222222222222222222222220000000000000002222222221
12222222222222222222222000000000000000220000222222112333333333333333333322212222222222222222222222222222000000000000000222222221
12222222222222222222220000000000000022222222222221120333333333333333333322212222222222222222222222222222200000000000000222222221
12222222222222222222200000000000002222111111111111220333333333333333333332212222222222222222222222222222220000000000000222222221
12222222222222222222000000000000222221111111111111223333333333333333333322211111111111111122222222222222222000000000000022222221
12222222222222222220000000000002222211122222222222233333333333333333332222211111111111111122222222222222222000000000000022222221
12222222222222222220000000000022222111222222222220333333333333333333332222222222222222221122222222222222222200000000000002222221
12222222222222222200000000000222221112222222222233333333333333333333333222222222222222221122222222222222222200000000000002222221
12222222222222222000000000002222211122222222222333333333333333333333333300222222222222221122222222222222222200000000000000222221
12222222222222220000000000002222111222222222203333333333333333333333333333322222222222221122222222222222222220000000000000222221
12222222222222200000000000022221112222222222333333333333333333333333333333322222222222221122222222222222222220000000000000022221
12222222222222000000000000022211122222200003333333333333333333333333333333322222222222221122222222222222222220000000000000022221
12222222222220000000000000222211200022333333333333333333333333333333333333332222222222221122222222222222222220000000000000222221
12222222222200000000000000222211333333333333333333333333333333333333333333333222222222221122222222222222222222000000000000222221
12222222222000000000000002222211333333333333333333333333333333333333333333333222222222221122222222222222222220000000000002222221
12222222222000000000000022222011333333333333333333322222222333333333333333333002222222221122222222222222222220000000000000222221
12222222222000000000000222220311333333333333332222222222222222333333333333333333222222221122222222222222222220000000000000222221
12222222220000000000002222003311333333333333322222222222222222233333333333333333322222221122222222222222222220000000000000222221
12222222220000000000022220333311333333332222222222222222222222222233333333333333332222221122222222222222222200000000000002222221
12222222200000000000222220333311333333322222222222222222222222222222203333333333322222221122222222222222222000000000000002222221
12222222200000000000222222333311333333222222222222222222222222222222223333333333322222221122222222222222222000000000000000222221
12222222200000000022222222033311333332222222222222200000000022222222222233333333222222221122222222222222220000000000000000222221
12222222200000000222222222233311333332222222222200000000000000002222222222333333222222221122222222222222220000000000000002222221
12222222220000000222222222223311333322222222220000000000000000000022222222233333222222221122222222222222200000000000000022222221
12222222220000000022222222222211333322222222000000000000000000000000222222223332222222221122222222222220000000000000000022222221
12222222220000000022222222222211333322222200000000000000000000000000022222222222222222221122222222222000000000000000000222222221
12222222220000000022222222222211333322222000000000000000000000000000002222222222222222221122222222220000000000000000000222222221
12222222222000000022222222222211333222220000000000000000000000000000000222222222222222221122222222200000000000000000002222222221
12222222222000000002222222222311333222200000000000000000000000000000000222222222222222221122222222000000000000000000022222222221
12222222222000000002222222223311333222200000000000000000000000000000000022222222222222221122222220000000000000000000222222222221
12222222220000000002222222203311333222000000000000000000000000000000000022222222222222221122222200000000000000000002222222222221
12222222220000000000222222203311332222000000000000000000000000000000000002222222222222221122222200000000000000000022222222222221
12222222200000000000222222223311332222000000000000000000000000000000000000222222222222221122222000000000000000002222222222222221
12222222200000000000222222222011322222000000000000000000000000000000000000022222222222221122222000000000000000222222222222222221
12222222200000000002222222222211222220000000000000000002222000000000000000002222222222221122220000000000000022222222222222222221
12222222200000000002222222222211222220000000000000000222222220000000000000000222222222221122220000000000000222222222222222222221
12222222200000000002222222222211222220000000000000002222222222200000000000000222222222221122220000000000002222222222222222222221
12222222200000000002222222222211222220000000000000022211222222222000000000000022222222221122220000000000022222222222222222222221
12222222200000000000222222222211222220000000000000022211122222222220000000000022222222221122200000000000222222222222222222222221
12222222220000000000222222222211222220000000000000022221112222222222000000000002222222221122200000000002222222222222222222222221
12222222220000000000222222222211222220000000000000022222111222222222200000000002222222221122200000000002222222222222222222222221
12222222220000000000222222222211222220000000000000022222211122222222220000000000222222221122200000000022222222222222222222222221
12222222220000000000022222222211222222000000000000002222221112222222222000000000222222221122200000000022222222222222222222222221
12222222222000000000022222222211222222000000000000002222222111222222222200000000022222221122200000000021111111122222222111111111
12222222222000000000022222222211222222000000000000002222222211122222222220000000022222221122200000000021111111122222222111111111
12222222222000000000002222222211222222200000000000000222222221112222222220000000002222221122200000000022222222222222222222222221
12222222222000000000002222222211222222200000000000000022222222111222222222000000002222221122200000000002222222222222222222222221
12222222222000000000000222222211222222220000000000000002222222211122222222000000000222221122220000000000222222222222222222222221
12222222220000000000000222222211222222220000000000000000222222221112222222200000000222221122220000000000022222222222222222222221
12222222220000000000000222222211222222222000000000000000022222222111222222200000000022221122220000000000022222222222222222222221
12222222220000000000002222222211222222222200000000000000002222222211122222200000000022221122222000000000002222222222222222222221
12222222222000000000002222222211222222222220000000000000002222222221112222220000000022221122222000000000002222222222222222222221
12222222222000000000002222222211222222222222200000000000000222222222111222220000000002221122222200000000000222222222222222222221
12222222220000000000002222222211222222222222222000000000000222222222211122220000000002221122222200000000000022222222222222222221
12222222220000000000002222222211222222222222222200000000000022222222221122220000000002221112222220000000000002222222222222222221
12222222200000000000002222222211222222222222222220000000000022222222221122222000000002222111222222000000000000022222222222222221
12222222200000000000000222222211222222222222222222000000000002222222221122222000000000222211222222200000000000000222222222222221
12222222200000000000000222222211222222222222222222200000000002222222221122222000000000222211222222200000000000000002222222222221
12222222220000000000000222222211222222222222222222200000000000222222221122222000000000222211222222220000000000000000222222222221
12222222220000000000002222222211222222222222222222220000000000222222221122222200000000222211222222220000000000000000022222222221
12222222200000000000002222222211222222222222222222220000000000022222221122222200000000022211222222220000000000000000002222222221
12222222200000000000000222222211222222222222222222222000000000022222221122222200000000022211222222222000000000000000002222222221
12222222200000000000000222222211222222222222222222222000000000022222221122222200000000022211122222222200000000000000000222222221
12222222200000000000000222222211222222222222222222222200000000002222221122222220000000022221112222222222000000000000000002222221
12222222220000000000000222222211222222222222222222222200000000002222221122222220000000002222111222222222220000000000000000222221
12222222220000000000000222222211222222222222222222222200000000002222221122222220000000002222211122222222222000000000000000222221
12222222220000000000002222222211222222222222222222222220000000002222221122222220000000002222221112222222222200000000000000222221
12222222200000000000002222222211122222222222222222222220000000000222221122222222000000002222222111222222222220000000000000222221
12222222200000000000002222222221112222222222222222222220000000000222221122222222000000000222222211122222222220000000000000222221
12222222200000000000002222222222111222222222222222222220000000000222221122222222000000000222222221112222222222000000000000222221
12222222200000000000000222222222211122222222222222222222000000000222221122222222000000000222222222111222222222000000000000222221
12222222200000000000000222222222221112222222222222222222000000000022221122222222000000000022222222211122222222000000000000222221
12222222200000000000000222222222222111222222222222222222000000000022221122222222000000000022222222221112222220000000000000022221
12222222200000000000000222222222222211122222222222222222000000000022221122222222000000000002222222222111222220000000000000022221
12222222220000000000000022222222222221112222222222222222000000000022221122222222200000000002222222222211122220000000000000022221
12222222220000000000000022222222222222111222222222222222000000000002221122222222200000000000222222222221112220000000000000022221
12222222220000000000000022222222222222211122222222222222000000000002221122222222220000000000022222222222112222000000000000022221
12222222220000000000000002222222222222221112222222222220000000000002221122222222220000000000002222222222112222000000000000022221
12222222222000000000000000222222222222222111222222222220000000000002221122222222220000000000000222222222112222000000000000022221
12222222222000000000000000022222222222222211122222222200000000000000221122222222222000000000000022222222112220000000000000022221
12222222222000000000000000000222222222222221112222222200000000000000221122222222222000000000000002222222222220000000000000002221
12222222222000000000000000000002222222222222111222222000000000000000221122222222222000000000000000222222222200000000000000002221
12222222220000000000000000000000022222222222211122222000000000000000221122222222222000000000000000002222222000000000000000002221
12222222220000000000000000000000000002222222221122220000000000000000221122222222222200000000000000000022000000000000000000002221
12222222220000000000000000000000000000000222222222200000000000000000221122222222222200000000000000000000000000000000000000002221
12222222220000000000000000000000000000000000022000000000000000000000221122222222222200000000000000000000000000000000000000002221
12222222220000000000000000000000000000000000000000000000000000000000221122222222222200000000000000000000000000000000000000002221
12222222220000000000000000000000000000000000000000000000000000000000221122222222222220000000000000000000000000000000000000002221
12222222222000000000000000000000000000000000000000000000000000000000221122222222222220000000000000000000000000000000000000002221
12222222222000000000000000000000000000000000000000000000000000000000221122222222222220000000000000000000000000000000000000002221
12222222222200000000000000000000000000000000000000000000000000000002221122222222222222000000000000000000000000000000000000002221
12222222222200000000000000000000000000000000000000000000000000000002221122222222222222200000000000000000000000000000000000002221
12222222222220000000000000000000000000000000000000000000000000000002221122222222222222220000000000000000000000000000000000022221
12222222222220000000000000000000000000000000000000000000000000000002221122222222222222220000000000000000000000000000000000022221
12222222222220000000000000000000000000000000000000000000000000000022221122222222222222222000000000000000000000000000000000022221
12222222222220000000000000000000000000000000000000000000000000000022221122222222222222222000000000000000000000000000000000222221
12222222222222000000000000000000000000000000000000000000000000000022221122222222222222222200000000000000000000000000000000222221
12222222222222200000000000000000000000000000000000000000000000000222221122222222222222222200000000000000000000000000000002222221
12222222222222200000000000000000000000000000000000000000000000000222221122222222222222222220000000000000000000000000000222222221
12222222222222220000000000000000000000000000000000000000000000002222221122222222222222222220000000000000000000000000002222222221
12222222222222220000000000000000000000000000000000000000000000002222221122222222222222222222000000000000000000000002222222222221
12222222222222222000000000000000000000000000000000000000000000022222221122222222222222222222200000000000000002222222222222222221
12222222222222222000000000000000000000000000000000000000000000222222221122222222222222222222220000000000000222222222222222222221
12222222222222222222000000000000000000000000000000000000000222222222221122222222222222222222222200000002222222222222222222222221
12222222222222222222200000000000000000000000000000000002222222222222221122222222222222222222222222222222222222222222222222222221
12222222222222222222222220000000000022000000000000022222222222222222221122222222222222222222222222222222222222222222222222222221
12222222222222222222222222222222222222222222222222222222222222222222221122222222222222222222222222222222222222222222222222222221
12222222222222222222222222222222222222222222222222222222222222222222221122222222222222222222222222222222222222222222222222222221
12222222222222222222222222222222222222222222222222222222222222222222221122222222222222222222222222222222222222222222222222222221
11111111111111111111111111111111111111111111111111111111111111111111111111111111111111111111111111111111111111111111111111111111
