0 1 4
8 504 232 8
88 504 88 8
12
58
3 616 88 0 8 8
3 616 104 0 8 8
3 280 112 0 8 8
3 616 120 0 8 8
3 312 136 0 8 8
3 216 152 0 8 8
3 240 168 0 8 8
3 920 208 0 8 8
3 952 208 0 8 8
3 936 224 0 8 8
3 920 240 0 8 8
3 952 240 0 8 8
1 112 256 0 16 16
1 152 264 0 16 16
1 128 280 0 16 16
1 104 288 0 16 16
1 88 304 0 16 16
1 112 312 0 16 16
1 96 336 0 16 16
1 120 336 0 16 16
1 104 360 0 16 16
1 128 368 0 16 16
1 96 384 0 16 16
1 120 392 0 16 16
3 568 400 0 8 8
3 552 416 0 8 8
3 96 432 0 8 8
3 128 432 0 8 8
3 536 432 0 8 8
3 600 432 0 8 8
3 112 448 0 8 8
3 584 448 0 8 8
3 96 464 0 8 8
3 128 464 0 8 8
3 568 464 0 8 8
3 608 472 0 8 8
3 768 472 0 8 8
3 800 472 0 8 8
3 384 480 0 8 8
3 592 488 0 8 8
3 608 488 0 8 8
3 624 488 0 8 8
3 784 488 0 8 8
3 368 496 0 8 8
3 608 504 0 8 8
3 768 504 0 8 8
3 800 504 0 8 8
3 352 512 0 8 8
3 240 816 0 8 8
3 416 824 0 8 8
3 320 848 0 8 8
3 312 888 0 8 8
3 368 888 0 8 8
3 904 904 0 8 8
3 888 920 0 8 8
3 904 920 0 8 8
3 920 920 0 8 8
3 904 936 0 8 8
16
3 408 72
3 408 144
3 616 72
3 616 144
3 736 412
3 848 464
3 848 528
3 736 552
3 552 328
3 456 428
3 428 300
3 348 328
3 216 1008
3 136 976
3 88 904
3 64 816
