-1 -1 -1 -1 -1 -1 -1 -1 -1 -1 -1 -1 -1 -1 -1 -1 -1 -1 -1 -1 -1 -1 -1 -1 -1 -1 -1 -1 -1 -1 -1 -1 -1 -1 -1 -1 -1 -1 -1 -1 -1 -1 -1 -1 -1 -1 -1 -1 -1 -1 -1 -1 -1 -1 -1 -1 -1 -1 -1 -1 -1 -1 -1 -1 -1 -1 -1 -1 -1 -1 -1 -1 -1 -1 -1 -1 -1 -1 -1 -1 -1 -1 -1 -1 -1 -1 -1 -1 -1 -1 -1 -1 -1 -1 -1 -1 -1 -1 -1 -1 -1 -1 -1 -1 -1 -1 -1 -1 -1 -1 -1 -1 -1 -1 -1 -1 -1 -1 -1 -1 -1 -1 -1 -1 -1 -1 -1 -1 
-1 402 401 400 399 398 397 396 395 394 393 392 391 390 389 388 387 386 385 384 383 382 381 380 379 378 377 376 375 374 373 372 372 372 372 372 367 366 366 364 364 364 364 364 359 359 359 359 359 -1 -1 -1 -1 -1 -1 -1 -1 -1 -1 -1 -1 -1 -1 -1 -1 -1 -1 -1 -1 -1 -1 -1 -1 -1 -1 -1 328 328 328 328 328 322 321 320 319 318 317 316 315 314 313 312 311 311 311 311 311 311 311 311 311 311 311 311 311 311 311 311 311 311 311 311 311 311 311 311 311 311 311 311 311 311 311 311 311 311 311 -1 
-1 402 401 400 399 398 397 396 395 394 393 392 391 390 389 388 387 386 385 384 383 382 381 380 379 378 377 376 375 374 373 372 371 371 371 371 371 366 365 365 363 363 363 363 363 358 358 358 358 -1 -1 -1 -1 -1 -1 -1 -1 -1 -1 -1 -1 -1 -1 -1 -1 -1 -1 -1 -1 -1 -1 -1 -1 -1 -1 -1 327 327 327 327 327 327 321 320 319 318 317 316 315 314 313 312 311 310 310 310 310 310 310 310 310 310 310 310 310 310 310 310 310 310 310 310 310 310 310 310 310 310 310 310 310 310 310 310 310 310 310 -1 
-1 402 401 400 399 398 397 396 395 394 393 392 391 390 389 388 387 386 385 384 383 382 381 380 379 378 377 376 375 374 373 372 371 370 370 370 370 370 365 364 364 362 362 362 362 362 357 357 357 -1 -1 -1 -1 -1 -1 -1 -1 -1 -1 -1 -1 -1 -1 -1 -1 -1 -1 -1 -1 -1 -1 -1 -1 -1 -1 -1 327 326 326 326 326 326 326 320 319 318 317 316 315 314 313 312 311 310 309 309 309 309 309 309 309 309 309 309 309 309 309 309 309 309 309 309 309 309 309 309 309 309 309 309 309 309 309 309 309 309 309 -1 
-1 402 401 400 399 398 397 396 395 394 393 392 391 390 389 388 387 386 385 384 383 382 381 380 379 378 377 376 375 374 373 372 371 370 369 369 369 369 369 364 363 363 361 361 361 361 361 356 356 -1 -1 -1 -1 -1 -1 -1 -1 -1 -1 -1 -1 -1 -1 -1 -1 -1 -1 -1 -1 -1 -1 -1 -1 -1 -1 -1 327 326 325 325 325 325 325 325 319 318 317 316 315 314 313 312 311 310 309 308 308 308 308 308 308 308 308 308 308 308 308 308 308 308 308 308 308 308 308 308 308 308 308 308 308 308 308 308 308 308 308 -1 
-1 402 401 400 399 398 397 396 395 394 393 392 391 390 389 388 387 386 385 384 383 382 381 380 379 378 377 376 375 374 373 372 371 370 369 368 368 368 368 368 363 362 362 360 360 360 360 360 355 -1 -1 -1 -1 -1 -1 -1 -1 -1 -1 -1 -1 -1 -1 -1 -1 -1 -1 -1 -1 -1 -1 -1 -1 -1 -1 -1 327 326 325 324 324 324 324 324 324 318 317 316 315 314 313 312 311 310 309 308 307 307 307 307 307 307 307 307 307 307 307 307 307 307 307 307 307 307 307 307 307 307 307 307 307 307 307 307 307 307 307 -1 
-1 402 401 400 399 398 397 396 395 394 393 392 391 390 389 388 387 386 385 384 383 382 381 380 379 378 377 376 375 374 373 372 371 370 369 368 367 367 367 367 367 362 361 361 359 359 359 359 359 354 -1 -1 -1 -1 -1 -1 -1 -1 -1 -1 -1 -1 -1 -1 -1 -1 -1 -1 -1 -1 -1 -1 -1 -1 -1 -1 327 326 325 324 323 323 323 323 323 323 317 316 315 314 313 312 311 310 309 308 307 306 306 306 306 306 306 306 306 306 306 306 306 306 306 306 306 306 306 306 306 306 306 306 306 306 306 306 306 306 306 -1 
-1 402 401 400 399 398 397 396 395 394 393 392 391 390 389 388 387 386 385 384 383 382 381 380 379 378 377 376 375 374 373 372 371 370 369 368 367 366 366 366 366 366 361 360 360 358 358 358 358 358 353 -1 -1 -1 -1 -1 -1 -1 -1 -1 -1 -1 -1 -1 -1 -1 -1 -1 -1 -1 -1 -1 -1 -1 -1 -1 327 326 325 324 323 322 322 322 322 322 317 316 315 314 313 312 311 310 309 308 307 306 305 305 305 305 305 305 305 305 305 305 305 305 305 305 305 305 305 305 305 305 305 305 305 305 305 305 305 305 305 -1 
-1 403 401 400 399 398 397 396 395 394 393 392 391 390 389 388 387 386 385 384 383 382 381 380 379 378 377 376 375 374 373 372 371 370 369 368 367 366 365 365 365 365 365 360 359 359 357 357 357 354 353 352 -1 -1 -1 -1 -1 -1 -1 -1 -1 -1 -1 -1 -1 -1 -1 -1 -1 -1 -1 -1 -1 -1 -1 -1 327 326 325 324 323 322 321 321 321 318 317 316 315 314 313 312 311 310 309 308 307 306 305 304 304 304 304 304 304 304 304 304 304 304 304 304 304 304 304 304 304 304 304 304 304 304 304 304 304 304 304 -1 
-1 403 402 400 399 398 397 396 395 394 393 392 391 390 389 388 387 386 385 384 383 382 381 380 379 378 377 376 375 374 373 372 371 370 369 368 367 366 365 364 364 364 361 360 359 358 358 356 355 354 353 352 351 350 349 348 347 346 345 344 343 342 341 340 339 338 337 336 335 334 333 332 332 330 329 328 327 326 325 324 323 322 321 320 319 318 317 316 315 314 313 312 311 310 309 308 307 306 305 304 303 303 303 303 303 303 303 303 303 303 303 303 303 303 303 303 303 303 303 303 303 303 303 303 303 303 303 -1 
-1 403 402 401 399 398 397 396 395 394 393 392 391 390 389 388 387 386 385 384 383 382 381 380 379 378 377 376 375 374 373 372 371 370 369 368 367 366 365 364 363 362 361 360 359 358 357 356 355 354 353 352 351 350 349 348 347 346 345 344 343 342 341 340 339 338 337 336 335 334 333 332 331 330 329 328 327 326 325 324 323 322 321 320 319 318 317 316 315 314 313 312 311 310 309 308 307 306 305 304 303 302 302 302 302 302 302 302 302 302 302 302 302 302 302 302 302 302 302 302 302 302 302 302 302 302 302 -1 
-1 403 402 401 400 398 397 396 395 394 393 392 391 390 389 388 387 386 385 384 383 382 381 380 379 378 377 376 375 374 373 372 371 370 369 368 367 366 365 364 363 362 361 360 359 358 357 356 355 354 353 352 351 350 349 348 347 346 345 344 343 342 341 340 339 338 337 336 335 334 333 332 331 330 329 328 327 326 325 324 323 322 321 320 319 318 317 316 315 314 313 312 311 310 309 308 307 306 305 304 303 302 301 301 301 301 301 301 301 301 301 301 301 301 301 301 301 301 301 301 301 301 301 301 301 301 301 -1 
-1 403 402 401 400 399 397 396 395 394 393 392 391 390 389 388 387 386 385 384 383 382 381 380 379 378 377 376 375 374 373 372 371 370 369 368 367 366 365 364 363 362 361 360 359 358 357 356 355 354 353 352 351 350 349 348 347 346 345 344 343 342 341 340 339 338 337 336 335 334 333 332 331 330 329 328 327 326 325 324 323 322 321 320 319 318 317 316 315 314 313 312 311 310 309 308 307 306 305 304 303 302 301 300 300 300 300 300 300 300 300 300 300 300 300 300 300 300 300 300 300 300 300 300 300 300 300 -1 
-1 403 402 401 400 399 398 396 395 394 393 392 391 390 389 388 387 386 385 384 383 382 381 380 379 378 377 376 375 374 373 372 371 370 369 368 367 366 365 364 363 362 361 360 359 358 357 356 355 354 353 352 351 350 349 348 347 346 345 344 343 342 341 340 339 338 337 336 335 334 333 332 331 330 329 328 327 326 325 324 323 322 321 320 319 318 317 316 315 314 313 312 311 310 309 308 307 306 305 304 303 302 301 300 299 299 299 299 299 299 299 299 299 299 299 299 299 299 299 299 299 299 299 299 299 299 299 -1 
-1 403 402 401 400 399 398 397 395 394 393 392 391 390 389 388 387 386 385 384 383 382 381 380 379 378 377 376 375 374 373 372 371 370 369 368 367 366 365 364 363 362 361 360 359 358 357 356 355 354 353 352 351 350 349 348 347 346 345 344 343 342 341 340 339 338 337 336 335 334 333 332 331 330 329 328 327 326 325 324 323 323 323 320 319 318 317 316 315 314 313 312 311 310 309 308 307 306 305 304 303 302 301 300 299 298 298 298 298 298 298 298 298 298 298 298 298 298 298 298 298 298 298 298 298 298 298 -1 
-1 403 402 401 400 399 398 397 396 394 393 392 391 390 389 388 387 386 385 384 383 382 381 380 379 378 377 376 375 374 373 372 371 370 369 368 367 366 365 364 363 362 361 360 360 360 357 356 355 354 353 352 351 350 349 348 347 346 345 344 343 342 341 340 339 338 337 336 335 334 333 332 331 330 329 328 327 326 325 324 324 324 324 324 319 318 317 316 315 315 315 312 311 310 309 308 307 306 305 304 303 302 301 300 299 298 297 297 297 297 297 297 297 297 297 297 297 297 297 297 297 297 297 297 297 297 297 -1 
-1 403 402 401 400 399 398 397 396 395 393 392 391 390 389 388 387 386 385 384 383 382 381 380 379 378 377 376 375 374 373 372 371 370 369 368 367 366 365 364 363 362 362 362 361 361 361 356 356 354 353 352 351 350 349 348 347 346 345 344 343 342 341 340 339 338 337 336 335 334 333 332 332 330 329 328 327 326 325 325 325 325 325 325 325 318 317 316 316 316 316 316 311 310 309 308 307 306 305 304 303 302 301 300 299 298 297 296 296 296 296 296 296 296 296 296 296 296 296 296 296 296 296 296 296 296 296 -1 
-1 403 402 401 400 399 398 397 396 395 394 392 391 390 389 388 387 386 385 384 383 382 381 380 379 378 377 376 375 374 373 372 371 370 369 368 367 366 365 364 363 363 363 363 363 362 362 362 355 355 355 352 -1 -1 -1 -1 -1 -1 -1 -1 -1 -1 -1 -1 -1 -1 -1 -1 -1 -1 -1 -1 -1 -1 -1 -1 327 326 326 326 326 326 326 326 326 326 317 317 317 317 317 317 317 310 309 308 307 306 305 304 303 302 301 300 299 298 297 296 295 295 295 295 295 295 295 295 295 295 295 295 295 295 295 295 295 295 295 -1 
-1 403 402 401 400 399 398 397 396 395 394 393 391 390 389 388 387 386 385 384 383 382 381 380 379 378 377 376 375 374 373 372 371 370 369 369 369 366 365 364 364 364 364 364 364 364 363 363 363 356 356 -1 -1 157 158 159 160 161 162 163 183 182 181 180 179 178 177 177 177 178 177 177 177 177 177 -1 327 327 327 327 327 327 327 327 327 327 327 318 318 318 318 318 318 318 309 308 307 306 305 304 303 302 301 300 299 298 297 296 295 294 294 294 294 294 294 294 294 294 294 294 294 294 294 294 294 294 294 -1 
-1 403 402 401 400 399 398 397 396 395 394 393 392 390 389 388 387 386 385 384 383 382 381 380 379 378 377 376 375 374 373 372 371 371 371 370 370 370 365 365 365 365 365 365 365 365 365 364 364 364 -1 -1 156 156 158 159 160 161 162 163 183 182 181 180 179 178 177 176 176 176 177 176 176 176 176 -1 328 328 328 328 328 328 328 328 328 328 328 328 319 319 319 319 319 310 309 308 307 306 305 304 303 302 301 300 299 298 297 296 295 293 293 293 293 293 293 293 293 293 293 293 293 293 293 293 293 293 293 -1 
-1 403 402 401 400 399 398 397 396 395 394 393 392 391 389 388 387 386 385 384 383 382 381 380 379 378 377 376 375 374 373 373 373 372 372 372 371 371 371 366 366 366 366 366 366 366 366 366 365 -1 -1 155 155 155 156 159 160 161 162 163 183 182 181 180 179 178 177 176 175 175 175 176 175 175 175 -1 329 329 329 329 329 329 329 329 329 329 329 329 329 320 320 320 311 310 309 308 307 306 305 304 303 302 301 300 299 298 297 296 294 293 292 292 292 292 292 292 292 292 292 292 292 292 292 292 292 292 293 -1 
-1 403 402 401 400 399 398 397 396 395 394 393 392 391 390 388 387 386 385 384 383 382 381 380 379 378 377 376 375 375 375 374 374 374 373 373 373 372 -1 -1 -1 -1 -1 -1 -1 -1 -1 -1 -1 -1 153 153 154 155 156 157 160 161 162 163 183 182 181 180 179 178 177 176 175 174 174 174 174 174 174 -1 330 330 330 330 330 330 330 330 330 330 330 330 330 330 321 312 311 310 309 308 307 306 305 304 303 302 301 300 299 298 297 295 294 293 291 291 291 291 291 291 291 291 291 291 291 291 291 291 291 292 291 -1 
-1 403 402 401 400 399 398 397 396 395 394 393 392 391 390 389 387 386 385 384 383 382 381 380 379 378 377 376 376 376 376 376 375 375 375 374 374 -1 -1 -1 -1 -1 -1 -1 -1 -1 -1 -1 -1 -1 152 153 154 155 156 157 158 161 162 163 183 182 181 180 179 178 177 176 175 174 173 173 173 173 173 -1 -1 -1 -1 -1 -1 -1 -1 -1 -1 -1 -1 -1 -1 -1 331 312 311 310 309 308 307 306 305 304 303 302 301 300 299 298 296 295 294 292 291 290 290 290 290 290 290 290 290 290 290 290 290 290 291 290 290 -1 
-1 403 402 401 400 399 398 397 396 395 394 393 392 391 390 389 388 386 385 384 383 382 381 380 379 378 377 377 377 377 377 377 377 376 376 376 -1 -1 -1 150 150 150 150 150 150 150 150 150 150 151 152 153 154 155 156 157 158 159 162 150 150 182 181 180 179 178 177 176 175 174 173 172 172 172 172 -1 -1 -1 -1 -1 -1 -1 -1 -1 -1 -1 -1 -1 -1 -1 332 332 311 310 309 308 307 306 305 304 303 302 301 300 299 297 296 295 293 292 291 290 289 289 289 289 289 289 289 289 289 289 289 290 289 289 290 -1 
-1 403 402 401 400 399 398 397 396 395 394 393 392 391 390 389 388 387 385 384 383 382 381 380 379 378 378 378 378 378 378 378 378 378 377 -1 -1 -1 149 149 149 149 149 149 149 149 149 149 150 151 152 153 154 155 156 157 158 149 149 149 149 149 181 180 179 178 177 176 175 174 173 172 171 171 171 171 171 171 171 171 171 171 171 171 171 171 171 171 -1 -1 333 312 311 310 309 308 307 306 305 304 303 302 301 300 298 297 296 294 293 292 291 288 289 288 288 288 288 288 288 288 288 288 289 288 288 289 290 -1 
-1 403 402 401 400 399 398 397 396 395 394 393 392 391 390 389 388 387 386 384 383 382 381 380 379 379 379 379 379 379 379 379 379 379 -1 -1 -1 148 148 148 148 148 148 148 148 148 148 149 150 151 152 153 154 155 156 148 148 148 148 148 148 148 148 180 179 178 177 176 175 174 173 172 171 170 170 170 170 170 170 170 170 170 170 170 170 170 170 170 -1 -1 313 312 311 310 309 308 307 306 305 304 303 302 301 299 298 297 295 294 293 292 287 287 287 288 287 287 287 287 287 287 287 288 287 287 288 289 290 -1 
-1 403 402 401 400 399 398 397 396 395 394 393 392 391 390 389 388 387 386 385 383 382 381 381 381 380 380 380 380 380 380 380 380 -1 -1 -1 149 148 147 147 147 147 147 147 147 147 148 149 150 151 152 153 147 147 147 147 147 147 147 147 147 147 147 147 179 178 177 176 175 174 173 172 171 170 169 169 169 169 169 169 169 169 169 169 169 169 169 169 -1 -1 313 312 311 310 309 308 307 306 305 304 303 302 300 299 298 296 295 294 293 288 287 286 286 286 287 286 286 286 286 286 287 286 286 287 288 289 290 -1 
-1 404 402 401 400 399 398 397 396 395 394 393 392 391 390 389 388 387 386 385 384 382 382 382 382 382 381 381 381 381 381 381 -1 -1 -1 150 149 148 147 146 146 146 146 146 146 147 148 149 146 146 146 146 146 146 146 146 146 146 146 146 146 146 146 146 146 178 177 176 175 174 173 172 171 170 168 168 168 168 168 168 168 168 168 168 168 168 168 168 -1 -1 313 312 311 310 309 308 307 306 305 304 303 301 300 299 297 296 295 294 289 288 287 286 285 285 285 285 285 285 285 286 285 285 286 287 288 289 290 -1 
-1 404 403 401 400 399 398 397 396 395 394 393 392 391 390 389 388 387 386 385 384 383 383 383 383 383 383 382 382 382 382 -1 -1 -1 151 150 149 148 147 146 145 145 145 145 146 147 145 145 145 145 145 145 145 145 145 145 145 145 145 145 145 145 145 145 145 178 177 176 175 174 173 172 171 168 167 167 167 167 167 167 167 167 167 167 167 167 167 167 -1 -1 313 312 311 310 309 308 307 306 305 304 302 301 300 298 297 296 295 290 289 288 287 286 284 284 284 284 284 284 285 284 284 285 286 287 288 289 290 -1 
-1 404 403 402 400 399 398 397 396 395 394 393 392 391 390 389 388 387 386 385 384 384 384 384 384 384 384 384 383 383 -1 -1 -1 152 151 150 149 148 147 146 145 144 144 144 144 144 144 144 144 144 144 144 144 144 144 144 144 144 144 144 144 144 144 144 144 144 144 176 175 174 173 172 169 168 167 166 166 166 166 166 166 166 166 166 166 166 166 166 -1 -1 313 312 311 310 309 308 307 306 305 283 302 301 299 298 297 296 283 290 289 288 287 283 283 283 283 283 283 283 283 283 284 285 286 287 288 289 290 -1 
-1 404 403 402 401 399 398 397 396 395 394 393 392 391 390 389 388 387 386 385 385 385 385 385 385 385 385 385 385 384 -1 -1 153 152 151 150 149 148 147 146 143 143 143 143 143 143 143 143 143 143 143 143 143 143 143 143 143 143 143 143 143 143 143 143 143 143 143 143 175 174 173 170 169 168 167 166 165 165 165 165 165 165 165 165 165 165 165 165 -1 -1 282 282 282 310 282 308 282 282 282 282 282 282 282 298 297 282 282 282 289 288 282 282 282 282 282 282 282 282 282 282 284 285 286 287 288 289 290 -1 
-1 404 403 402 401 400 398 397 396 395 394 393 392 391 390 389 388 387 386 386 386 386 386 386 386 386 386 386 386 386 -1 -1 153 152 151 142 142 142 142 142 142 142 142 142 142 142 142 142 142 142 142 142 142 142 142 142 142 142 142 142 142 142 142 142 142 142 142 142 142 143 144 170 169 168 167 166 165 164 164 164 164 164 164 164 164 164 164 164 -1 -1 281 281 281 281 281 281 281 281 281 281 281 281 281 281 281 281 281 281 281 281 281 281 281 281 281 281 281 281 281 281 281 285 286 287 288 289 290 -1 
-1 404 403 402 401 400 399 397 396 395 394 393 392 391 390 389 388 387 387 387 387 387 387 387 387 387 387 387 387 387 -1 -1 141 141 141 141 141 141 141 141 141 141 141 141 141 141 141 141 141 141 141 141 141 141 141 141 141 141 141 141 141 141 141 141 141 141 141 141 142 143 144 170 169 168 167 166 165 164 163 163 163 163 163 163 163 163 163 163 -1 -1 280 280 280 280 280 280 280 280 280 280 280 280 280 280 280 280 280 280 280 280 280 280 280 280 280 280 280 280 280 280 280 280 286 287 288 289 290 -1 
-1 404 403 402 401 400 399 398 396 395 394 393 392 391 390 389 388 388 388 388 388 388 388 388 388 388 388 388 388 390 -1 -1 140 140 140 140 140 140 140 140 140 140 140 140 140 140 140 140 140 140 140 140 140 140 140 140 140 140 140 140 140 140 140 140 140 140 140 141 142 143 144 147 147 168 167 166 165 164 163 162 162 162 162 162 162 162 162 162 -1 -1 279 279 279 279 279 279 279 279 279 279 279 279 279 279 279 279 279 279 279 279 279 279 279 279 279 279 279 279 279 279 279 280 281 287 288 289 290 -1 
-1 404 403 402 401 400 399 398 397 395 394 393 392 391 390 389 389 389 389 389 389 389 389 389 389 389 389 389 389 390 -1 -1 139 139 139 139 139 139 139 139 139 139 139 139 139 139 139 139 139 139 139 139 139 139 139 139 139 139 139 139 139 139 139 139 139 139 140 141 142 143 146 146 146 147 167 166 165 164 163 162 161 161 161 161 161 161 161 161 -1 -1 278 278 278 278 278 278 278 278 278 278 278 278 278 278 278 278 278 278 278 278 278 278 278 278 278 278 278 278 278 278 279 280 281 282 288 289 290 -1 
-1 404 403 402 401 400 399 398 397 396 394 393 392 391 390 390 390 390 390 390 390 390 390 390 390 390 390 390 390 390 -1 -1 138 138 138 138 138 138 138 138 138 138 138 138 138 138 138 138 138 138 138 138 138 138 138 138 138 138 138 138 138 138 138 138 138 139 140 141 142 145 145 145 146 147 167 166 165 164 163 162 161 160 160 160 160 160 160 161 -1 -1 277 277 277 277 277 277 277 277 277 277 277 277 277 277 277 277 277 277 277 277 277 277 277 277 277 277 277 277 277 278 279 280 281 282 283 289 290 -1 
-1 404 403 402 401 400 399 398 397 396 395 393 392 391 391 391 391 391 391 391 391 391 391 391 391 391 391 391 391 391 -1 -1 137 137 137 137 137 137 137 137 137 137 137 137 137 137 137 137 137 137 137 137 137 137 137 137 137 137 137 137 137 137 137 137 138 139 140 141 144 144 144 145 146 147 148 166 165 159 163 159 159 159 159 159 159 159 160 161 -1 -1 276 276 276 276 276 276 276 276 276 276 276 276 276 276 276 276 276 276 276 276 276 276 276 276 276 276 276 276 277 278 279 280 281 282 283 284 290 -1 
-1 404 403 402 401 400 399 398 397 396 395 394 392 392 392 392 392 392 392 392 392 392 392 392 392 392 392 392 392 392 -1 -1 136 136 136 136 136 136 136 136 136 136 136 136 136 136 136 136 136 136 136 136 136 136 136 136 136 136 136 136 136 136 136 137 138 139 140 141 142 143 144 145 146 147 148 149 150 158 158 158 158 158 158 158 158 159 160 161 -1 -1 275 275 275 275 275 275 275 275 275 275 275 275 275 275 275 275 275 275 275 275 275 275 275 275 275 275 275 276 277 278 279 280 281 282 283 284 285 -1 
-1 404 403 402 401 400 399 398 397 396 395 394 393 393 393 393 393 393 393 393 393 393 393 393 393 393 393 395 396 393 -1 -1 135 135 135 135 135 135 135 135 135 135 135 135 135 135 135 135 135 135 135 135 135 135 135 135 135 135 135 135 135 135 136 137 138 139 140 141 142 143 144 145 146 147 148 149 150 151 157 157 157 157 157 157 158 159 160 161 -1 -1 274 274 274 274 274 274 274 274 274 274 274 274 274 274 274 274 274 274 274 274 274 274 274 274 274 274 275 276 277 278 279 280 281 282 283 284 285 -1 
-1 404 403 402 401 400 399 398 397 396 395 394 394 394 394 394 394 394 394 394 394 394 394 394 394 394 394 395 396 398 -1 -1 134 134 134 134 134 134 134 134 134 134 134 134 134 134 134 134 134 134 134 134 134 134 134 134 134 134 134 134 134 135 136 137 138 139 140 141 142 143 144 145 146 147 148 149 150 151 156 156 156 156 156 157 158 159 160 161 -1 -1 273 273 273 273 273 273 273 273 273 273 273 273 273 273 273 273 273 273 273 273 273 273 273 273 273 274 275 276 277 278 279 280 281 282 283 284 285 -1 
-1 404 403 402 401 400 399 398 397 396 395 395 395 395 395 395 395 395 395 395 395 395 395 395 395 395 395 395 397 398 -1 -1 133 133 133 133 133 133 133 133 133 133 133 133 133 133 133 133 133 133 133 133 133 133 133 133 133 133 133 133 134 135 136 137 138 139 140 141 142 143 144 145 146 147 148 149 150 151 155 155 155 155 156 157 158 159 160 161 -1 -1 272 272 272 272 272 272 272 272 272 272 272 272 272 272 272 272 272 272 272 272 272 272 272 272 273 274 275 276 277 278 279 280 281 282 283 284 285 -1 
-1 404 403 402 401 400 399 398 397 396 396 396 396 396 396 396 396 396 400 396 396 396 396 396 396 396 396 396 397 398 -1 -1 132 132 132 132 132 132 132 132 132 132 132 132 132 132 132 132 132 132 132 132 132 132 132 132 132 132 132 133 134 135 136 137 138 139 140 141 142 143 144 145 146 147 148 149 150 151 154 154 154 155 156 157 158 159 160 162 -1 -1 271 271 271 271 271 271 271 271 271 271 271 271 271 271 271 271 271 271 271 271 271 271 271 272 273 274 275 276 277 278 279 280 281 282 283 284 285 -1 
-1 404 403 402 401 400 399 398 397 397 397 397 397 397 397 397 397 399 400 401 397 397 397 397 397 397 397 397 397 398 -1 -1 131 131 131 131 131 131 131 131 131 131 131 131 131 131 131 131 131 131 131 131 131 131 131 131 131 131 132 133 134 135 136 137 138 139 140 141 142 143 144 145 146 147 148 149 150 151 153 153 154 155 156 157 158 159 161 161 -1 -1 270 270 270 270 270 270 270 270 270 270 270 270 270 270 270 270 270 270 270 270 270 270 271 272 273 274 275 276 277 278 279 280 281 282 283 284 285 -1 
-1 404 403 402 401 400 399 398 398 398 398 398 398 398 398 398 398 399 400 401 402 410 411 398 398 398 398 398 398 398 -1 -1 130 130 130 130 130 130 130 130 130 130 130 130 130 130 130 130 130 130 130 130 130 130 130 130 130 131 132 133 134 135 136 137 138 139 140 141 142 143 144 145 146 147 148 149 150 152 152 153 154 155 156 157 158 160 160 161 -1 -1 269 269 269 269 269 269 269 269 269 269 269 269 269 269 269 269 269 269 269 269 269 270 271 272 273 274 275 276 277 278 279 280 281 282 283 284 285 -1 
-1 404 403 402 401 400 399 399 399 399 399 399 399 399 399 399 399 399 400 401 409 410 411 412 413 399 399 399 399 399 -1 -1 129 129 129 129 129 129 129 129 129 129 129 129 129 129 129 129 129 129 129 129 129 129 129 129 130 131 132 133 134 135 136 137 138 139 140 141 142 143 144 145 146 147 148 149 151 151 152 153 154 155 156 157 159 159 160 161 -1 -1 268 268 268 268 268 268 268 268 268 268 268 268 268 268 268 268 268 268 268 268 269 270 271 272 273 274 275 276 277 278 279 280 281 282 283 284 285 -1 
-1 404 403 402 401 400 400 400 400 400 400 400 400 400 400 400 400 400 400 408 409 410 411 412 413 414 400 400 400 400 -1 -1 128 128 128 128 128 128 128 128 128 128 128 128 128 128 128 128 128 128 128 128 128 128 128 129 130 131 132 133 134 135 136 137 138 139 140 141 142 143 144 145 146 147 148 150 150 151 152 153 154 155 156 158 158 159 160 161 -1 -1 267 267 267 267 267 267 267 267 267 267 267 267 267 267 267 267 267 267 267 268 269 270 271 272 273 274 275 276 277 278 279 280 281 282 283 284 285 -1 
-1 404 403 402 416 415 401 401 401 401 401 401 401 401 401 401 401 401 407 408 409 410 411 412 413 414 415 401 401 401 -1 -1 127 127 127 127 127 127 127 127 127 127 127 127 127 127 127 127 127 127 127 127 127 127 128 129 130 131 132 133 134 135 136 137 138 139 140 141 142 143 144 145 146 147 149 149 150 151 152 153 154 155 157 157 158 159 160 161 -1 -1 266 266 266 266 266 266 266 266 266 266 266 266 266 266 266 266 266 266 267 268 269 270 271 272 273 274 275 276 277 278 279 280 281 282 283 284 285 -1 
-1 404 403 417 416 415 414 402 411 410 402 402 402 402 402 402 402 406 407 408 409 410 411 412 413 414 415 416 402 402 -1 -1 126 126 126 126 126 126 126 126 126 126 126 126 126 126 126 126 126 126 126 126 126 127 128 129 130 131 132 133 134 135 136 137 138 139 140 141 142 143 144 145 146 148 148 149 150 151 152 153 154 156 156 157 158 159 160 161 -1 -1 265 265 265 265 265 265 265 265 265 265 265 265 265 265 265 265 265 266 267 268 269 270 271 272 273 274 275 276 277 278 279 280 281 282 283 284 285 -1 
-1 404 418 417 416 415 414 413 411 410 409 403 403 403 403 403 405 406 407 408 409 410 411 412 413 414 415 425 426 403 -1 -1 125 125 125 125 125 125 125 125 125 125 125 125 125 125 125 125 125 125 125 125 126 127 128 129 130 131 132 133 134 135 136 137 138 139 140 141 142 143 144 145 147 147 148 149 150 151 152 153 155 155 156 157 158 159 160 161 -1 -1 264 264 264 264 264 264 264 264 264 264 264 264 264 264 264 264 265 266 267 268 269 270 271 272 273 274 275 276 277 278 279 280 281 282 283 284 285 -1 
-1 419 418 417 416 415 414 413 412 410 409 408 404 404 404 404 405 406 407 408 409 410 411 412 413 414 424 425 426 427 -1 -1 125 124 124 124 124 124 124 124 124 124 124 124 124 124 124 124 124 124 124 125 126 127 128 129 130 131 132 133 134 135 136 137 138 139 140 141 142 143 144 146 146 147 148 149 150 151 152 154 154 155 156 157 158 159 160 161 -1 -1 263 263 263 263 263 263 263 263 263 263 263 263 263 263 263 264 265 266 267 268 269 270 271 272 273 274 275 276 277 278 279 280 281 282 283 284 285 -1 
-1 419 418 417 416 415 414 413 412 411 409 408 407 405 405 405 405 406 407 408 409 410 411 412 413 423 424 425 426 429 -1 -1 125 124 123 123 123 123 123 123 123 123 123 123 123 123 123 123 123 123 124 125 126 127 128 129 130 131 132 133 134 137 137 137 138 139 140 141 142 143 144 145 146 147 148 149 150 151 153 153 154 155 156 157 158 159 160 161 -1 -1 262 262 262 262 262 262 262 262 262 262 262 262 262 262 263 264 265 266 267 268 269 270 271 272 273 274 275 276 277 278 279 280 281 282 283 284 285 -1 
-1 419 418 417 416 415 414 413 412 411 410 408 407 406 406 406 406 406 407 408 409 410 411 412 422 423 424 425 426 428 -1 -1 125 124 123 122 122 122 122 122 122 122 122 122 122 122 122 122 122 123 124 125 126 127 128 129 130 131 132 133 138 138 138 139 139 139 140 141 142 143 144 145 146 147 148 149 150 152 152 153 154 155 156 157 158 159 160 161 -1 -1 261 261 261 261 261 261 261 261 261 261 261 261 261 262 263 264 265 266 267 268 269 270 271 272 273 274 275 276 277 278 279 280 281 282 283 284 285 -1 
-1 419 418 417 416 415 414 413 412 411 410 409 407 407 407 407 407 407 407 408 409 410 411 421 422 423 424 425 427 428 -1 -1 125 124 123 122 121 121 121 121 121 121 121 121 121 121 121 121 121 123 124 125 126 127 128 129 130 131 132 139 139 139 140 140 140 141 141 141 142 143 144 145 146 147 148 149 151 151 152 153 154 155 156 157 158 159 160 161 -1 -1 260 260 260 260 260 260 260 260 260 260 260 260 261 262 263 264 265 266 267 268 269 270 271 272 273 274 275 276 277 278 279 280 281 282 283 284 285 -1 
-1 419 418 417 416 415 414 413 412 411 410 409 408 408 408 408 408 408 408 408 409 410 420 421 422 423 424 426 427 428 -1 -1 125 124 123 122 121 120 120 120 120 120 120 120 120 120 120 120 120 120 124 125 126 127 128 129 130 131 140 140 140 141 141 141 142 142 142 143 143 143 144 145 146 147 148 150 150 151 152 153 154 155 156 157 158 159 160 161 -1 -1 259 259 259 259 259 259 259 259 259 259 259 260 261 262 263 264 265 266 267 268 269 270 271 272 273 274 275 276 277 278 279 280 281 282 283 284 285 -1 
-1 419 418 417 416 415 414 413 412 411 410 409 409 409 409 409 409 409 409 409 409 419 420 421 422 423 425 426 427 428 -1 -1 125 124 123 122 121 120 119 119 119 119 119 119 119 119 119 119 119 119 119 125 126 127 128 129 130 141 141 141 142 142 142 143 143 143 144 144 144 145 145 145 146 147 148 149 150 151 152 153 154 155 156 157 158 159 160 161 -1 -1 259 258 258 258 258 258 258 258 258 258 258 260 261 262 263 264 265 266 267 268 269 270 271 272 273 274 275 276 277 278 279 280 281 282 283 284 285 -1 
-1 419 418 417 416 415 414 413 412 411 410 410 410 410 410 410 410 410 410 410 418 419 420 421 422 424 425 426 427 428 -1 -1 125 124 123 122 121 120 119 118 118 118 118 118 118 118 118 118 118 118 118 118 126 127 -1 -1 130 131 142 143 143 143 144 144 144 145 145 145 146 146 146 146 146 147 148 149 150 151 152 153 154 155 156 157 158 159 160 161 -1 -1 257 258 257 257 257 257 257 257 257 257 258 259 261 262 263 264 265 266 267 268 269 270 271 272 273 274 275 276 277 278 279 280 281 282 283 284 285 -1 
-1 419 418 417 416 415 414 413 412 411 411 411 411 411 411 411 411 411 411 417 418 419 420 421 423 424 425 426 427 428 -1 -1 125 124 123 122 121 120 119 118 117 117 117 117 117 117 117 117 117 117 117 117 117 127 -1 -1 -1 131 144 144 144 145 145 145 146 146 146 147 147 147 147 147 147 147 148 149 150 151 152 153 154 155 156 157 158 159 160 161 -1 -1 257 256 257 256 256 256 256 256 256 256 258 259 260 262 263 264 265 266 267 268 269 270 271 272 273 274 275 276 277 278 279 280 281 282 283 284 285 -1 
-1 419 418 417 416 415 414 413 412 412 412 412 412 412 412 412 412 412 416 417 418 419 420 422 423 424 425 426 427 428 -1 -1 125 124 123 122 121 120 119 118 116 116 116 116 116 116 116 116 116 116 116 116 117 116 116 -1 -1 -1 145 145 146 146 146 147 147 147 148 148 148 148 148 148 148 148 148 149 150 151 152 153 154 155 156 157 158 159 160 162 -1 -1 257 256 255 256 255 255 255 255 255 255 255 259 260 261 263 264 265 266 267 268 269 270 271 272 273 274 275 276 277 278 279 280 281 282 283 284 285 -1 
-1 419 418 417 416 415 414 413 413 413 413 414 413 413 413 413 413 415 416 417 418 419 421 422 423 424 425 426 427 428 -1 -1 125 124 123 122 121 120 119 116 115 115 115 115 115 115 115 115 115 115 115 116 115 115 115 115 -1 -1 -1 147 147 147 148 148 148 149 149 149 149 149 150 149 149 149 149 149 150 151 152 153 154 155 156 157 158 159 161 162 -1 -1 257 256 255 254 255 254 254 254 254 254 254 254 260 261 262 264 265 266 267 268 269 270 271 272 273 274 275 276 277 278 279 280 281 282 283 284 285 -1 
-1 419 418 417 416 415 414 414 414 414 415 414 414 414 414 414 414 415 416 417 418 420 421 422 423 424 425 426 427 428 -1 -1 125 124 123 122 121 120 117 116 115 114 114 114 114 114 114 114 114 114 115 114 114 114 114 114 114 -1 -1 -1 148 149 149 149 150 150 150 150 150 151 150 150 150 150 150 150 150 151 152 153 154 155 156 157 158 160 161 162 -1 -1 257 256 255 254 253 254 253 253 253 253 253 254 253 261 262 263 265 266 267 268 269 270 271 272 273 274 275 276 277 278 279 280 281 282 283 284 285 -1 
-1 419 418 417 416 415 415 415 415 416 415 415 415 415 415 415 415 415 416 417 419 420 421 422 423 424 425 426 427 428 -1 -1 125 124 123 122 121 118 117 116 115 114 113 113 113 113 113 113 113 114 113 113 113 113 113 113 113 113 -1 -1 -1 150 150 151 151 151 151 151 152 151 151 151 151 151 151 151 151 151 152 153 154 155 156 157 159 160 161 163 -1 -1 257 256 255 254 253 252 252 252 252 252 252 252 252 252 262 263 264 266 267 268 269 270 271 272 273 274 275 276 277 278 279 280 281 282 283 284 285 -1 
-1 419 418 417 416 416 416 416 417 416 416 416 416 416 416 416 416 416 416 418 419 420 421 422 423 424 425 426 427 428 -1 -1 125 124 123 122 119 118 117 116 115 114 113 112 112 112 112 112 112 112 112 112 112 112 112 112 112 112 112 -1 -1 -1 152 152 152 152 152 153 152 152 152 152 152 152 152 152 152 152 152 153 154 155 156 158 159 160 162 163 -1 -1 257 256 255 254 253 252 251 251 251 251 251 251 251 -1 -1 -1 -1 -1 -1 -1 -1 251 251 251 273 251 275 251 277 -1 -1 -1 -1 -1 -1 -1 -1 -1 
-1 419 418 417 417 417 417 418 417 417 417 417 417 417 417 417 417 417 417 418 419 420 421 422 423 424 425 426 427 428 -1 -1 125 124 123 120 119 118 117 116 115 114 113 112 111 111 111 111 111 111 111 111 111 111 111 111 111 111 111 111 -1 -1 -1 153 153 153 154 153 153 153 153 153 153 153 153 153 153 153 153 153 154 155 157 158 159 161 162 163 -1 -1 257 256 255 254 253 252 250 250 250 250 250 250 250 -1 -1 -1 -1 -1 -1 -1 -1 250 250 250 250 250 250 250 250 -1 -1 -1 -1 -1 -1 -1 -1 -1 
-1 0 0 0 0 0 0 0 0 0 0 0 0 0 0 0 0 0 0 0 0 0 0 0 0 0 0 0 0 0 -1 -1 125 124 121 120 119 118 117 116 115 114 113 112 111 110 110 110 110 110 110 110 110 110 110 110 110 110 110 110 110 -1 -1 -1 154 155 154 154 154 154 154 154 154 154 154 154 154 154 154 154 154 156 157 158 160 161 162 168 -1 -1 257 256 255 254 253 250 249 249 249 249 249 249 249 249 249 249 249 249 249 249 249 249 249 249 249 249 249 249 249 249 249 249 249 249 249 249 249 -1 
-1 23 22 21 11 10 9 8 7 3 2 1 1 1 1 1 1 1 1 1 1 1 2 3 4 5 6 7 8 9 -1 -1 125 122 121 120 119 118 117 116 115 114 113 112 111 110 109 109 109 109 109 109 109 109 109 109 109 109 109 109 109 109 -1 -1 -1 155 155 155 155 155 155 155 155 155 155 155 155 155 155 155 155 156 157 159 160 161 167 168 -1 -1 257 256 255 254 251 250 249 248 248 248 248 248 248 248 248 248 248 248 248 248 248 248 248 248 248 248 248 248 248 248 248 248 248 248 248 248 248 -1 
-1 23 22 21 20 10 9 8 7 6 2 2 2 2 2 2 2 2 2 4 5 2 2 3 4 5 6 7 8 9 -1 -1 123 122 121 120 119 118 117 116 115 114 113 112 111 110 109 108 108 108 108 108 108 108 108 108 108 108 108 108 108 108 108 -1 -1 -1 156 156 156 156 156 156 156 156 156 156 156 156 156 156 156 156 158 159 160 166 167 168 -1 -1 257 256 255 252 251 250 249 247 247 247 247 247 247 247 247 247 247 247 247 247 247 247 247 247 247 247 247 247 247 247 247 247 247 247 247 247 247 -1 
-1 23 22 21 20 19 9 8 7 6 5 3 3 3 3 3 3 3 3 4 5 6 7 3 4 5 6 7 8 9 -1 -1 123 122 121 120 119 118 117 116 115 114 113 112 111 110 109 108 107 107 107 107 107 107 107 107 107 107 107 107 107 107 107 107 -1 -1 -1 157 157 157 157 157 157 157 157 157 157 157 157 157 157 157 158 159 165 166 167 168 -1 -1 257 256 253 252 251 250 248 247 246 246 246 246 246 246 246 246 246 246 246 246 246 246 246 246 246 246 246 246 246 246 246 246 246 246 246 246 246 -1 
-1 23 22 21 20 19 18 8 7 6 5 4 4 4 4 4 4 4 4 4 5 6 7 8 4 5 6 7 8 9 -1 -1 123 122 121 120 119 118 117 116 115 114 113 112 111 110 109 108 107 106 106 106 106 106 106 106 106 106 106 106 106 106 106 106 106 -1 -1 -1 158 158 158 158 158 158 158 158 158 158 158 158 158 158 158 164 165 166 167 170 -1 -1 257 254 253 252 251 249 248 247 245 245 245 245 245 245 245 245 245 245 245 245 245 245 245 245 245 245 245 245 245 245 245 245 245 245 245 245 245 -1 
-1 23 22 21 20 19 18 17 7 6 5 5 5 5 5 5 5 5 5 5 5 6 7 8 9 5 6 7 8 9 -1 -1 123 122 121 120 119 118 117 116 115 114 113 112 111 110 109 108 107 106 105 105 105 105 105 105 105 105 105 105 105 105 105 105 105 105 -1 -1 -1 159 159 159 159 159 159 159 159 159 159 159 159 159 163 164 165 166 169 170 -1 -1 255 254 253 252 250 249 248 246 245 244 244 244 244 244 244 244 244 244 244 244 244 244 244 244 244 244 244 244 244 244 244 244 244 244 244 244 244 -1 
-1 23 22 21 20 19 18 17 16 6 6 6 6 6 6 6 6 6 6 6 6 6 7 8 9 10 6 7 8 9 -1 -1 123 122 121 120 119 118 117 116 115 114 113 112 111 110 109 108 107 106 105 104 104 104 104 104 104 104 104 104 104 104 104 104 104 104 104 -1 -1 -1 160 160 160 160 160 160 160 160 160 160 160 162 163 164 165 168 169 170 -1 -1 255 254 253 251 250 249 247 246 245 244 243 243 243 243 243 243 243 243 243 243 243 243 243 243 243 243 243 243 243 243 243 243 243 243 243 243 243 -1 
-1 23 22 21 20 19 18 17 16 15 7 7 7 7 7 7 7 7 7 7 7 7 7 8 9 10 11 7 8 9 -1 -1 123 122 121 120 119 118 117 116 115 114 113 112 111 110 109 108 107 106 105 104 103 103 103 103 103 103 103 103 103 103 103 103 103 103 103 103 -1 -1 -1 161 161 161 161 161 161 161 161 161 161 162 163 164 167 168 169 170 -1 -1 255 254 252 251 250 248 247 246 245 244 243 242 242 242 242 242 242 242 242 242 242 242 242 242 242 242 242 242 242 242 242 242 242 242 242 242 242 -1 
-1 23 22 21 20 19 18 17 16 15 14 8 8 8 8 8 8 8 8 8 8 8 8 8 9 16 11 12 8 9 -1 -1 123 122 121 120 119 118 117 116 115 114 113 112 111 110 109 108 107 106 105 104 103 102 102 102 102 102 102 102 102 102 102 102 102 102 102 102 102 -1 -1 -1 162 162 162 162 162 162 162 162 162 162 163 166 167 168 169 170 -1 -1 255 253 252 251 249 248 247 246 245 244 243 241 241 241 241 241 241 241 241 241 241 241 241 241 241 241 241 241 241 241 241 241 241 241 241 241 241 -1 
-1 23 22 21 20 19 18 17 16 15 14 13 9 9 9 9 9 9 9 9 9 9 9 9 15 16 17 12 13 9 -1 -1 123 122 121 120 119 118 117 116 115 114 113 112 111 110 109 108 107 106 105 104 103 101 101 101 101 101 101 101 101 101 101 101 101 101 101 101 101 101 -1 -1 163 163 163 163 163 163 163 163 163 163 165 166 167 168 169 173 -1 -1 -1 253 252 250 249 248 247 246 245 244 242 241 240 240 240 240 240 240 240 240 240 240 240 240 240 240 240 240 240 240 240 240 240 240 240 240 240 -1 
-1 23 22 21 20 19 18 17 16 15 14 13 12 10 10 10 10 10 10 10 10 10 10 14 15 16 17 18 26 27 -1 -1 123 122 121 120 119 118 117 116 115 114 113 112 111 110 109 108 107 106 105 104 102 101 100 100 100 100 100 100 100 100 100 100 100 100 100 100 100 100 -1 -1 164 164 164 164 164 164 164 164 164 164 165 166 167 168 172 173 174 -1 -1 -1 251 250 249 248 247 246 245 243 242 241 240 239 239 239 239 239 239 239 239 239 239 239 239 239 239 239 239 239 239 239 239 239 239 239 239 -1 
-1 23 22 21 20 19 18 17 16 15 14 13 12 11 11 11 11 11 11 11 11 11 13 14 15 16 17 25 26 27 -1 -1 123 122 121 120 119 118 117 116 115 114 113 112 111 110 109 108 107 106 105 103 102 101 99 99 99 99 99 99 99 99 99 99 99 99 99 99 99 99 -1 -1 165 165 165 165 165 165 165 165 165 165 165 166 167 171 172 173 174 175 -1 -1 251 250 249 248 247 246 244 243 242 241 240 239 238 238 238 238 238 238 238 238 238 238 238 238 238 238 238 238 238 238 238 238 238 238 238 -1 
-1 23 22 21 20 19 18 17 16 15 14 13 12 12 12 12 12 12 12 12 12 12 13 14 15 16 24 25 26 27 -1 -1 123 122 121 120 119 118 117 116 115 114 113 112 111 110 109 108 107 106 104 103 102 100 99 98 98 98 98 98 98 98 98 98 98 98 98 98 98 98 -1 -1 166 166 166 166 166 166 166 166 166 166 166 166 170 171 172 173 174 178 -1 -1 251 250 249 248 247 245 244 243 242 241 240 239 238 237 237 237 237 237 237 237 237 237 237 237 237 237 237 237 237 237 237 237 237 237 237 -1 
-1 23 22 21 20 19 18 17 16 15 14 13 13 13 13 13 13 13 13 13 13 13 13 14 15 23 24 25 26 27 -1 -1 123 122 121 120 119 118 117 116 115 114 113 112 111 110 109 108 107 105 104 103 101 100 99 97 97 97 97 97 97 97 97 97 97 97 97 97 97 97 -1 -1 167 167 167 167 167 167 167 167 167 167 167 169 170 171 172 173 177 178 -1 -1 251 250 249 248 246 245 244 243 242 241 240 239 238 237 236 236 236 236 236 236 236 236 236 236 236 236 236 236 236 236 236 236 236 236 236 -1 
-1 36 22 21 20 19 18 17 18 15 14 14 14 14 14 14 14 14 14 14 14 14 14 14 22 23 24 25 26 27 -1 -1 123 122 121 120 119 118 117 116 115 114 113 112 111 110 109 108 106 105 104 102 101 100 98 97 96 96 96 96 96 96 96 96 96 96 96 96 96 96 -1 -1 168 168 168 168 168 168 168 168 168 168 168 169 170 171 172 176 177 178 -1 -1 251 250 249 247 246 245 244 243 242 241 240 239 238 237 236 235 235 235 235 235 235 235 235 235 235 235 235 235 235 235 235 235 235 235 235 -1 
-1 36 35 21 20 19 18 19 18 17 15 15 15 15 15 15 15 15 15 15 15 15 15 21 22 23 24 25 26 27 -1 -1 123 122 121 120 119 118 117 116 115 114 113 112 111 110 109 107 106 105 103 102 101 99 98 97 95 95 95 95 95 95 95 95 95 95 95 95 95 95 -1 -1 169 169 169 169 169 169 169 169 169 169 169 169 170 171 175 176 177 178 -1 -1 251 250 248 247 246 245 244 243 242 241 240 239 238 237 236 235 234 234 234 234 234 234 234 234 234 234 234 234 234 234 234 234 234 234 234 -1 
-1 36 35 34 20 19 20 19 18 17 16 16 16 16 16 16 16 16 16 16 16 16 20 21 22 23 24 25 26 27 -1 -1 123 122 121 120 119 118 117 116 115 114 113 112 111 110 108 107 106 104 103 102 100 99 98 95 94 94 94 94 94 94 94 94 94 94 94 94 94 94 -1 -1 170 170 170 170 170 170 170 170 170 170 170 170 170 174 175 176 177 178 -1 -1 251 249 248 247 246 245 244 243 242 241 240 239 238 237 236 235 234 233 233 233 233 233 233 233 233 233 233 233 233 233 233 233 233 233 233 -1 
-1 36 35 34 33 21 20 19 18 17 17 17 17 17 17 17 17 17 17 17 17 19 20 21 22 23 24 25 26 27 -1 -1 123 122 121 120 119 118 117 116 115 114 113 112 111 109 108 107 105 104 103 101 100 99 96 95 94 93 93 93 93 93 93 93 93 93 93 93 93 93 -1 -1 171 171 171 171 171 171 171 171 171 171 171 171 173 174 175 176 177 181 -1 -1 -1 249 248 247 246 245 244 243 242 241 240 239 238 237 236 235 234 233 232 232 232 232 232 232 232 232 232 232 232 232 232 232 232 232 232 -1 
-1 36 35 34 33 32 20 19 18 18 18 18 18 18 18 18 18 18 18 18 18 19 20 21 22 23 24 25 26 38 -1 -1 123 122 121 120 119 118 117 116 115 114 113 112 110 109 108 106 105 104 102 101 100 97 96 95 94 92 92 92 92 92 92 92 92 92 92 92 92 92 -1 -1 172 172 172 172 172 172 172 172 172 172 172 172 173 174 175 176 180 181 182 -1 -1 -1 248 247 246 245 244 243 242 241 240 239 238 237 236 235 234 233 232 231 231 231 231 231 231 231 231 231 231 231 231 231 231 231 231 -1 
-1 36 35 34 33 32 31 19 19 19 19 19 19 19 19 19 19 19 19 19 19 19 20 21 22 23 24 25 37 38 -1 -1 123 122 121 120 119 118 117 116 115 114 113 111 110 109 107 106 105 103 102 101 98 97 96 95 91 91 91 91 91 91 91 91 91 91 91 91 91 91 -1 -1 173 173 173 173 173 173 173 173 173 173 173 173 173 174 175 179 180 181 182 183 -1 -1 -1 247 246 245 244 243 242 241 240 239 238 237 236 235 234 233 232 230 230 230 230 230 230 230 230 230 230 230 230 230 230 230 230 -1 
-1 36 35 34 33 32 31 30 20 20 20 20 20 20 20 20 20 20 20 20 20 20 20 21 22 23 24 36 37 38 -1 -1 123 122 121 120 119 118 117 116 115 114 112 111 110 108 107 106 104 103 102 99 98 97 96 92 91 90 90 90 90 90 90 90 90 90 90 90 90 90 -1 -1 174 174 174 174 174 174 174 174 174 174 174 174 174 174 178 179 180 181 182 186 187 -1 -1 -1 246 245 244 243 242 241 240 239 238 237 236 235 234 233 231 230 229 229 229 229 229 229 229 229 229 229 229 229 229 229 229 -1 
-1 36 35 34 33 32 31 30 29 21 21 21 21 21 21 21 21 21 21 21 21 21 21 21 22 23 35 36 37 38 -1 -1 123 122 121 120 119 118 117 116 115 113 112 111 109 108 107 105 104 103 100 99 98 97 93 92 91 90 89 89 89 89 89 89 89 89 89 89 89 89 -1 -1 175 175 175 175 175 175 175 175 175 175 175 175 175 177 178 179 180 181 185 186 187 188 -1 -1 -1 245 244 243 242 241 240 239 238 237 236 235 234 232 231 230 228 228 228 228 228 228 228 228 228 228 228 228 228 228 228 -1 
-1 36 35 34 33 32 31 30 29 28 22 22 22 22 22 22 22 22 22 22 22 22 22 22 22 34 35 36 37 38 -1 -1 -1 122 121 120 119 118 117 116 114 113 112 110 109 108 106 105 104 101 100 99 98 94 93 92 91 90 88 88 88 88 88 88 88 88 88 88 88 88 -1 -1 176 176 176 176 176 176 176 176 176 176 176 176 176 177 178 179 180 184 185 186 187 190 191 -1 -1 -1 244 243 242 241 240 239 238 237 236 235 233 232 231 227 227 227 227 227 227 227 227 227 227 227 227 227 227 227 227 -1 
-1 36 35 34 33 32 31 30 29 28 27 23 23 23 23 23 23 23 23 23 23 23 23 23 33 34 35 36 37 41 42 -1 -1 -1 121 120 119 118 117 115 114 113 111 110 109 107 106 105 102 101 100 99 95 94 93 92 91 87 87 87 87 87 87 87 87 87 87 87 87 87 -1 -1 177 177 177 177 177 177 177 177 177 177 177 177 177 177 178 179 183 184 185 186 189 190 191 193 -1 -1 -1 243 242 241 240 239 238 237 236 234 233 232 226 226 226 226 226 226 226 226 226 226 226 226 226 226 226 226 226 -1 
-1 36 35 34 33 32 31 30 29 28 27 26 24 24 24 24 24 24 24 24 24 24 24 32 33 34 35 36 40 41 42 43 -1 -1 -1 120 119 118 116 115 114 112 111 110 108 107 106 103 102 101 100 96 95 94 93 92 86 86 86 86 86 86 86 86 86 86 86 86 86 86 -1 -1 178 178 178 178 178 178 178 178 178 178 178 178 178 178 178 182 183 184 185 188 189 190 192 193 194 -1 -1 -1 242 241 240 239 238 237 235 234 233 225 225 225 225 225 225 225 225 225 225 225 225 225 225 225 225 225 225 -1 
-1 36 35 34 33 32 31 30 29 28 27 26 25 25 25 25 25 25 25 25 25 25 31 32 33 34 35 39 40 41 42 45 46 -1 -1 -1 119 85 116 115 113 112 111 109 108 107 104 103 102 101 97 96 95 94 93 85 85 85 85 85 85 85 85 85 85 85 85 85 85 85 -1 -1 179 179 179 179 179 179 179 179 179 179 179 179 179 179 181 182 183 184 187 188 189 191 192 193 195 196 -1 -1 -1 241 240 239 238 236 235 234 224 224 224 224 224 224 224 224 224 224 224 224 224 224 224 224 224 224 225 -1 
-1 36 35 34 33 32 31 30 29 28 27 26 26 26 26 26 26 26 26 26 26 30 31 32 33 34 38 39 40 41 44 45 46 47 -1 -1 -1 81 84 84 84 112 84 84 108 84 84 103 102 84 97 96 95 94 84 84 84 84 84 84 84 84 84 84 84 84 84 84 84 84 -1 -1 180 180 180 180 180 180 180 180 180 180 180 180 180 180 181 182 183 186 187 188 190 191 192 194 195 196 197 -1 -1 -1 240 239 237 236 235 223 223 223 223 223 223 223 223 223 223 223 223 223 223 223 223 223 223 224 225 -1 
-1 36 35 34 33 32 31 30 29 28 27 27 27 27 27 27 27 27 27 27 29 30 31 32 33 37 38 39 40 43 44 45 46 47 48 -1 -1 -1 80 83 83 83 83 83 83 83 83 83 83 83 83 96 95 83 83 83 83 83 83 83 83 83 83 83 83 83 83 83 83 83 -1 -1 181 181 181 181 181 181 181 181 181 181 181 181 181 181 181 182 185 186 187 189 190 191 193 194 195 196 197 198 -1 -1 -1 238 237 236 224 223 222 222 222 222 222 222 222 222 222 222 222 222 222 222 222 222 223 224 225 -1 
-1 36 35 34 33 32 31 30 29 28 28 28 28 28 28 28 28 28 28 28 29 30 31 32 36 37 38 39 42 43 44 45 46 47 48 49 -1 -1 -1 79 82 82 82 82 82 82 82 82 82 82 82 82 82 82 82 82 82 82 82 82 82 82 82 82 82 82 82 82 82 83 -1 -1 182 182 182 182 182 182 182 182 182 182 182 182 182 182 182 184 185 186 188 189 190 192 193 194 195 196 197 198 199 -1 -1 -1 237 225 224 223 222 221 221 221 221 221 221 221 221 221 221 221 221 221 221 222 223 224 225 -1 
-1 36 35 34 33 32 31 30 29 29 29 29 29 29 29 29 29 29 29 29 29 30 31 35 36 37 38 41 42 43 44 45 46 47 48 49 50 -1 -1 -1 78 81 81 81 81 81 81 81 81 81 81 81 81 81 81 81 81 81 81 81 81 81 81 81 81 81 81 81 82 83 -1 -1 183 183 183 183 183 183 183 183 183 183 183 183 183 183 183 184 185 187 188 189 191 192 193 194 195 196 197 198 199 200 -1 -1 -1 225 224 223 222 221 220 220 220 220 220 220 220 220 220 220 220 220 221 222 223 224 225 -1 
-1 36 35 34 33 32 31 30 30 30 30 30 30 30 30 30 30 30 30 30 30 30 34 35 36 37 40 41 42 43 44 45 46 47 48 49 50 51 -1 -1 -1 77 80 80 80 80 80 80 80 80 80 80 80 80 80 80 80 80 80 80 80 80 80 80 80 80 80 81 82 83 -1 -1 184 184 184 184 184 184 184 184 184 184 184 184 184 184 184 184 186 187 188 190 191 192 193 194 195 196 197 198 199 200 201 -1 -1 -1 224 223 222 221 219 219 219 219 219 219 219 219 219 219 219 220 221 222 223 224 225 -1 
-1 36 35 34 33 32 31 31 31 31 31 31 31 31 31 31 31 31 31 31 31 33 34 35 36 39 40 41 42 43 44 45 46 47 48 49 50 51 52 -1 -1 -1 76 79 79 79 79 79 79 79 79 79 79 79 79 79 79 79 79 79 79 79 79 79 79 79 80 81 82 83 -1 -1 185 185 185 185 185 185 185 185 185 185 185 185 185 185 185 185 186 187 189 190 191 192 193 194 195 196 197 198 199 200 201 202 -1 -1 218 223 222 218 218 218 218 218 218 218 218 218 218 218 219 220 221 222 223 224 225 -1 
-1 36 35 34 33 32 32 32 32 32 32 32 32 32 32 32 32 32 32 32 32 33 34 35 38 39 40 41 42 43 44 45 46 47 48 49 50 51 52 53 -1 -1 -1 75 78 78 78 78 78 78 78 78 78 78 78 78 78 78 78 78 78 78 78 78 78 79 80 81 82 83 -1 -1 186 186 186 186 186 186 186 186 186 186 186 186 186 186 186 186 186 188 189 190 191 192 193 194 195 196 197 198 199 200 201 202 -1 -1 217 217 217 217 217 217 217 217 217 217 217 217 217 218 219 220 221 222 223 224 225 -1 
-1 36 35 34 33 33 33 33 33 33 33 33 33 33 33 33 33 33 33 33 33 33 34 37 38 39 40 41 42 43 44 45 46 47 48 49 50 51 52 53 54 -1 -1 -1 74 77 77 77 77 77 77 77 77 77 77 77 77 77 77 77 77 77 77 77 78 79 80 81 82 83 -1 -1 187 187 187 187 187 187 187 187 187 187 187 187 187 187 187 187 187 188 189 190 191 192 193 194 195 196 197 198 199 200 201 202 -1 -1 216 216 216 216 216 216 216 216 216 216 216 216 217 218 219 220 221 222 223 224 225 -1 
-1 36 35 34 34 34 34 34 34 34 34 34 34 34 34 34 34 34 34 34 34 34 36 37 38 39 40 41 42 43 44 45 46 47 48 49 50 51 52 53 54 55 -1 -1 -1 73 76 76 76 76 76 76 76 76 76 76 76 76 76 76 76 76 76 77 78 79 80 81 82 83 -1 -1 188 188 188 188 188 188 188 188 188 188 188 188 188 188 188 188 188 188 189 190 191 192 193 194 195 196 197 198 199 200 201 202 -1 -1 215 215 215 215 215 215 215 215 215 215 215 216 217 218 219 220 221 222 223 224 225 -1 
-1 36 35 35 35 35 35 35 43 35 35 35 35 35 35 35 35 35 35 35 35 35 36 37 38 39 40 41 42 43 44 45 46 47 48 49 50 51 52 53 54 55 56 -1 -1 -1 72 75 75 75 75 75 75 75 75 75 75 75 75 75 75 75 76 77 78 79 80 81 82 83 -1 -1 189 189 189 189 189 189 189 189 189 189 189 189 189 189 189 189 189 189 189 190 191 192 193 194 195 196 197 198 199 200 201 202 203 214 214 214 214 214 214 214 214 214 214 214 215 216 217 218 219 220 221 222 223 224 225 -1 
-1 36 36 36 36 36 36 44 43 42 36 36 36 36 36 36 36 36 36 36 36 36 36 37 38 39 40 41 42 43 44 45 46 47 48 49 50 51 52 53 54 55 56 57 -1 -1 -1 71 74 74 74 74 74 74 74 74 74 74 74 74 74 75 76 77 78 79 80 81 82 83 -1 -1 190 190 190 190 190 190 190 190 190 190 190 190 190 190 190 190 190 190 190 190 191 192 193 194 195 196 197 198 199 200 201 202 211 211 213 213 213 213 213 213 213 213 213 214 215 216 217 218 219 220 221 222 223 224 226 -1 
-1 37 37 37 37 37 45 44 43 42 41 37 37 37 37 37 37 37 37 37 37 37 37 37 38 39 40 41 42 43 44 45 46 47 48 49 50 51 52 53 54 55 56 57 58 -1 -1 -1 70 73 73 73 73 73 73 73 73 73 73 73 74 75 76 77 78 79 80 81 82 83 -1 -1 191 191 191 191 191 191 191 191 191 191 191 191 191 191 191 191 191 191 191 191 191 192 193 194 195 196 197 198 199 200 201 210 210 210 210 212 212 212 212 212 212 212 213 214 215 216 217 218 219 220 221 222 223 225 225 -1 
-1 38 38 38 38 46 45 44 43 42 41 40 38 38 38 38 38 38 38 38 38 38 38 38 38 39 40 41 42 43 44 45 46 47 48 49 50 51 52 53 54 55 56 57 58 59 -1 -1 69 69 72 72 72 72 72 72 72 72 72 73 74 75 76 77 78 79 80 81 82 83 -1 -1 192 192 192 192 192 192 192 192 192 192 192 192 192 192 192 192 192 192 192 192 192 192 193 194 195 196 197 198 199 200 201 202 209 209 209 209 211 211 211 211 211 212 213 214 215 216 217 218 219 220 221 222 224 224 225 -1 
-1 39 39 39 47 46 45 44 43 42 41 40 39 39 39 39 39 39 39 39 39 39 39 39 39 39 40 41 42 43 44 45 46 47 48 49 50 51 52 53 54 55 56 57 58 59 68 68 68 68 68 71 71 71 71 71 71 71 72 73 74 75 76 77 78 79 80 81 82 83 -1 -1 193 193 193 193 193 193 193 193 193 193 193 193 193 193 193 193 193 193 193 193 193 193 193 194 195 196 197 198 199 200 201 202 203 208 208 208 208 210 210 210 211 212 213 214 215 216 217 218 219 220 221 223 223 224 225 -1 
-1 40 40 48 47 46 45 44 43 42 41 40 40 40 40 40 40 40 40 40 40 40 40 40 40 40 40 41 42 43 44 45 46 47 48 49 50 51 52 53 54 55 56 57 58 59 60 67 67 67 67 67 70 70 70 70 70 71 72 73 74 75 76 77 78 79 80 81 82 83 -1 -1 194 194 194 194 194 194 194 194 194 194 194 194 194 194 194 194 194 194 194 194 194 194 194 194 195 196 197 198 199 200 201 202 203 204 207 207 207 208 209 210 211 212 213 214 215 216 217 218 219 220 222 222 223 224 225 -1 
-1 41 49 48 47 46 45 44 43 42 41 41 41 41 41 41 41 41 41 41 41 41 41 41 41 41 41 41 42 43 44 45 46 47 48 49 50 51 52 53 54 55 56 57 58 59 60 61 66 66 66 66 66 69 69 69 70 71 72 73 74 75 76 77 78 79 80 81 82 83 -1 -1 195 195 195 195 195 195 195 195 195 195 195 195 195 195 195 195 195 195 195 195 195 195 195 195 195 196 197 198 199 200 201 202 203 204 205 206 207 208 209 210 211 212 213 214 215 216 217 218 219 221 221 222 223 224 225 -1 
-1 50 49 48 47 46 45 44 43 42 42 42 42 42 42 42 42 42 42 42 42 42 42 42 42 42 42 42 42 43 44 45 46 47 48 49 50 51 52 53 54 55 56 57 58 59 60 61 62 65 65 65 66 67 68 69 70 71 72 73 74 75 76 77 78 79 80 81 82 83 -1 -1 196 196 196 196 196 196 196 196 196 196 196 196 196 196 196 196 196 196 196 196 196 196 196 196 196 196 197 198 199 200 201 202 203 204 205 206 207 208 209 210 211 212 213 214 215 216 217 218 220 220 221 222 223 224 225 -1 
-1 50 49 48 47 46 45 44 43 43 43 43 43 43 43 43 43 43 43 43 43 43 43 43 43 43 43 43 43 43 44 45 46 47 48 49 50 51 52 53 54 55 56 57 58 59 60 61 62 63 64 65 66 67 68 69 70 71 72 73 74 75 76 77 78 79 80 81 82 83 -1 -1 197 197 197 197 197 197 197 197 197 197 197 197 197 197 197 197 197 197 197 197 197 197 197 197 197 197 197 198 199 200 201 202 203 204 205 206 207 208 209 210 211 212 213 214 215 216 217 219 219 220 221 222 223 224 225 -1 
-1 50 49 48 47 46 45 44 44 44 44 44 44 44 44 44 44 44 44 44 44 44 44 44 44 44 44 44 44 44 44 45 46 47 48 49 50 51 52 53 54 55 56 57 58 59 60 61 62 63 64 65 66 67 68 69 70 71 72 73 74 75 76 77 78 79 80 81 82 83 -1 -1 198 198 198 198 198 198 198 198 198 198 198 198 198 198 198 198 198 198 198 198 198 198 198 198 198 198 198 198 199 200 201 202 203 204 205 206 207 208 209 210 211 212 213 214 215 216 218 218 219 220 221 222 223 224 225 -1 
-1 50 49 48 47 46 45 45 45 45 45 45 45 45 45 45 45 45 45 45 45 45 45 45 45 45 45 45 45 45 45 45 46 47 48 49 50 51 52 53 54 55 56 57 58 59 60 61 62 63 64 65 66 67 68 69 70 71 72 73 74 75 76 77 78 79 80 81 82 83 -1 -1 199 199 199 199 199 199 199 199 199 199 199 199 199 199 199 199 199 199 199 199 199 199 199 199 199 199 199 199 199 200 201 202 203 204 205 206 207 208 209 210 211 212 213 214 215 217 217 218 219 220 221 222 223 224 225 -1 
-1 50 49 48 47 46 46 46 46 46 46 46 46 46 46 46 46 46 46 46 46 46 46 46 46 46 46 46 46 46 46 46 46 47 48 49 50 51 52 53 54 55 56 57 58 59 60 61 62 63 64 65 66 67 68 69 70 71 72 73 74 75 76 77 78 79 80 81 82 83 -1 -1 200 200 200 200 200 200 200 200 200 200 200 200 200 200 200 200 200 200 200 200 200 200 200 200 200 200 200 200 200 200 201 202 203 204 205 206 207 208 209 210 211 212 213 214 216 216 217 218 219 220 221 222 223 224 225 -1 
-1 50 49 48 47 47 47 47 47 47 47 47 47 47 47 47 47 47 47 47 47 47 47 47 47 47 47 47 47 47 47 47 47 47 48 49 50 51 52 53 54 55 56 57 58 59 60 61 62 63 64 65 66 67 68 69 70 71 72 73 74 75 76 77 78 79 80 81 82 83 -1 -1 201 201 201 201 201 201 201 201 201 201 201 201 201 201 201 201 201 201 201 201 201 201 201 201 201 201 201 201 201 201 201 202 203 204 205 206 207 208 209 210 211 212 213 215 215 216 217 218 219 220 221 222 223 224 225 -1 
-1 50 49 48 48 48 48 48 48 48 48 48 48 48 48 48 48 48 48 48 48 48 48 48 48 48 48 48 48 48 48 48 48 48 48 49 50 51 52 53 54 55 56 57 58 59 60 61 62 63 64 65 66 67 68 69 70 71 72 73 74 75 76 77 78 79 80 81 82 83 -1 -1 202 202 202 202 202 202 202 202 202 202 202 202 202 202 202 202 202 202 202 202 202 202 202 202 202 202 202 202 202 202 202 202 203 204 205 206 207 208 209 210 211 212 214 214 215 216 217 218 219 220 221 222 223 224 225 -1 
-1 50 49 49 49 49 49 49 49 49 49 49 49 49 49 49 49 49 49 49 49 49 49 49 49 49 49 49 49 49 49 49 49 49 49 49 50 51 52 53 54 55 56 57 58 59 60 61 62 63 64 65 66 67 68 69 70 71 72 73 74 75 76 77 78 79 80 81 82 83 -1 -1 203 203 203 203 203 203 203 203 203 203 203 203 203 203 203 203 203 203 203 203 203 203 203 203 203 203 203 203 203 203 203 203 203 204 205 206 207 208 209 210 211 213 213 214 215 216 217 218 219 220 221 222 223 224 225 -1 
-1 50 50 50 50 50 50 50 50 50 50 50 50 50 50 50 50 50 50 50 50 50 50 50 50 50 50 50 50 50 50 50 50 50 50 50 50 51 52 53 54 55 56 57 58 59 60 61 62 63 64 65 66 67 68 69 70 71 72 73 74 75 76 77 78 79 80 81 82 83 -1 -1 204 204 204 204 204 204 204 204 204 204 204 204 204 204 204 204 204 204 204 204 204 204 204 204 204 204 204 204 204 204 204 204 204 204 205 206 207 208 209 210 211 212 213 214 215 216 217 218 219 220 221 222 223 224 225 -1 
-1 51 51 51 51 51 51 51 51 51 51 51 51 51 51 51 51 51 51 51 51 51 51 51 51 51 51 51 51 51 51 51 51 51 51 51 51 51 52 53 54 55 56 57 58 59 60 61 62 63 64 65 66 67 68 69 70 71 72 73 74 75 76 77 78 79 80 81 82 83 -1 -1 205 205 205 205 205 205 205 205 205 205 205 205 205 205 205 205 205 205 205 205 205 205 205 205 205 205 205 205 205 205 205 205 205 205 205 206 207 208 209 210 211 212 213 214 215 216 217 218 219 220 221 222 223 224 225 -1 
-1 52 52 52 52 52 52 52 52 52 52 52 52 52 52 52 52 52 52 52 52 52 52 52 52 52 52 52 52 52 52 52 52 52 52 52 52 52 52 53 54 55 56 57 58 59 60 61 62 63 64 65 66 67 68 69 70 71 72 73 74 75 76 77 78 79 80 81 82 83 -1 -1 206 206 206 206 206 206 206 206 206 206 206 206 206 206 206 206 206 206 206 206 206 206 206 206 206 206 206 206 206 206 206 206 206 206 206 206 207 208 209 210 211 212 213 214 215 216 217 218 219 220 221 222 223 224 225 -1 
-1 53 53 53 53 53 53 53 53 53 53 53 53 53 53 53 53 53 53 53 53 53 53 53 53 53 53 53 53 53 53 53 53 53 53 53 53 53 53 53 54 55 56 57 58 59 60 61 62 63 64 65 66 67 68 69 70 71 72 73 74 75 76 77 78 79 80 81 82 83 -1 -1 207 207 207 207 207 207 207 207 207 207 207 207 207 207 207 207 207 207 207 207 207 207 207 207 207 207 207 207 207 207 207 207 207 207 207 207 207 208 209 210 211 212 213 215 215 216 217 218 219 220 221 222 223 224 225 -1 
-1 54 54 54 54 54 54 54 54 54 54 54 54 54 54 54 54 54 54 54 54 54 54 54 54 54 54 54 54 54 54 54 54 54 54 54 54 54 54 54 54 55 56 57 58 59 60 61 62 63 64 65 66 67 68 69 70 71 72 73 74 75 76 77 78 79 80 81 82 83 -1 -1 208 208 208 208 208 208 208 208 208 208 208 208 208 208 208 208 208 208 208 208 208 208 208 208 208 208 208 208 208 208 208 208 208 208 208 208 208 208 209 210 211 212 213 214 216 216 217 218 219 220 221 222 223 224 225 -1 
-1 55 55 55 55 55 55 55 55 55 55 55 55 55 55 55 55 55 55 55 55 55 55 55 55 55 55 55 55 55 55 55 55 55 55 55 55 55 55 55 55 55 56 57 58 59 60 61 62 63 64 65 66 67 68 69 70 71 72 73 74 75 76 77 78 79 80 81 82 83 -1 -1 209 209 209 209 209 209 209 209 209 209 209 209 209 209 209 209 209 209 209 209 209 209 209 209 209 209 209 209 209 209 209 209 209 209 209 209 209 209 209 210 211 213 213 214 215 217 217 218 219 220 221 222 223 224 225 -1 
-1 56 56 56 56 56 56 56 56 56 56 56 56 56 56 56 56 56 56 56 56 56 56 56 56 56 56 56 56 56 56 56 56 56 56 56 56 56 56 56 56 56 56 57 58 59 60 61 62 63 64 65 66 67 68 69 70 71 72 73 74 75 76 77 78 79 80 81 82 83 -1 -1 210 210 210 210 210 210 210 210 210 210 210 210 210 210 210 210 210 210 210 210 210 210 210 210 210 210 210 210 210 210 210 210 210 210 210 210 210 210 210 210 211 212 214 214 215 216 218 218 219 220 221 222 223 224 225 -1 
-1 57 57 57 57 57 57 57 57 57 57 57 57 57 57 57 57 57 57 57 57 57 57 57 57 57 57 57 57 57 57 57 57 57 57 57 57 57 57 57 57 57 57 57 58 59 60 61 62 63 64 65 66 67 68 69 70 71 72 73 74 75 76 77 78 79 80 81 82 83 -1 -1 211 211 211 211 211 211 211 211 211 211 211 211 211 211 211 211 211 211 211 211 211 211 211 211 211 211 211 211 211 211 211 211 211 211 211 211 211 211 211 211 211 212 213 215 215 216 217 219 219 220 221 222 223 224 225 -1 
-1 58 58 58 58 58 58 58 58 58 58 58 58 58 58 58 58 58 58 58 58 58 58 58 58 58 58 58 58 58 58 58 58 58 58 58 58 58 58 58 58 58 58 58 58 59 60 61 62 63 64 65 66 67 68 69 70 71 72 73 74 75 76 77 78 79 80 81 82 83 -1 -1 212 212 212 212 212 212 212 212 212 212 212 212 212 212 212 212 212 212 212 212 212 212 212 212 212 212 212 212 212 212 212 212 212 212 212 212 212 212 212 212 212 212 213 214 216 216 217 218 220 220 221 222 223 224 225 -1 
-1 59 59 59 59 59 59 59 59 59 59 59 59 59 59 59 59 59 59 59 59 59 59 59 59 59 59 59 59 59 59 59 59 59 59 59 59 59 59 59 59 59 59 59 59 59 60 61 62 63 64 65 66 67 68 69 70 71 72 73 74 75 76 77 78 79 80 81 82 83 -1 -1 213 213 213 213 213 213 213 213 213 213 213 213 213 213 213 213 213 213 213 213 213 213 213 213 213 213 213 213 213 213 213 213 213 213 213 213 213 213 213 213 213 213 213 214 215 217 217 218 219 221 221 222 223 224 225 -1 
-1 60 60 60 60 60 60 60 60 60 60 60 60 60 60 60 60 60 60 60 60 60 60 60 60 60 60 60 60 60 60 60 60 60 60 60 60 60 60 60 60 60 60 60 60 60 60 61 62 63 64 65 66 67 68 69 70 71 72 73 74 75 76 77 78 79 80 81 82 83 -1 -1 214 214 214 214 214 214 214 214 214 214 214 214 214 214 214 214 214 214 214 214 214 214 214 214 214 214 214 214 214 214 214 214 214 214 214 214 214 214 214 214 214 214 214 214 215 216 218 218 219 220 222 222 223 224 225 -1 
-1 61 61 61 61 61 61 61 61 61 61 61 61 61 61 61 61 61 61 61 61 61 61 61 61 61 61 61 61 61 61 61 61 61 61 61 61 61 61 61 61 61 61 61 61 61 61 61 62 63 64 65 66 67 68 69 70 71 72 73 74 75 76 77 78 79 80 81 82 83 -1 -1 215 215 215 215 215 215 215 215 215 215 215 215 215 215 215 215 215 215 215 215 215 215 215 215 215 215 215 215 215 215 215 215 215 215 215 215 215 215 215 215 215 215 215 215 215 216 217 219 219 220 221 223 223 224 225 -1 
-1 62 62 62 62 62 62 62 62 62 62 62 62 62 62 62 62 62 62 62 62 62 62 62 62 62 62 62 62 62 62 62 62 62 62 62 62 62 62 62 62 62 62 62 62 62 62 62 62 63 64 65 66 67 68 69 70 71 72 73 74 75 76 77 78 79 80 81 82 83 -1 -1 216 216 216 216 216 216 216 216 216 216 216 216 216 216 216 216 216 216 216 216 216 216 216 216 216 216 216 216 216 216 216 216 216 216 216 216 216 216 216 216 216 216 216 216 216 216 217 218 220 220 221 222 224 224 225 -1 
-1 63 63 63 63 63 63 63 63 63 63 63 63 63 63 63 63 63 63 63 63 63 63 63 63 63 63 63 63 63 63 63 63 63 63 63 63 63 63 63 63 63 63 63 63 63 63 63 63 63 64 65 66 67 68 69 70 71 72 73 74 75 76 77 78 79 80 81 82 83 -1 -1 217 217 217 217 217 217 217 217 217 217 217 217 217 217 217 217 217 217 217 217 217 217 217 217 217 217 217 217 217 217 217 217 217 217 217 217 217 217 217 217 217 217 217 217 217 217 217 218 219 221 221 222 223 225 225 -1 
-1 -1 -1 -1 -1 -1 -1 -1 -1 -1 -1 -1 -1 -1 -1 -1 -1 -1 -1 -1 -1 -1 -1 -1 -1 -1 -1 -1 -1 -1 -1 -1 -1 -1 -1 -1 -1 -1 -1 -1 -1 -1 -1 -1 -1 -1 -1 -1 -1 -1 -1 -1 -1 -1 -1 -1 -1 -1 -1 -1 -1 -1 -1 -1 -1 -1 -1 -1 -1 -1 -1 -1 -1 -1 -1 -1 -1 -1 -1 -1 -1 -1 -1 -1 -1 -1 -1 -1 -1 -1 -1 -1 -1 -1 -1 -1 -1 -1 -1 -1 -1 -1 -1 -1 -1 -1 -1 -1 -1 -1 -1 -1 -1 -1 -1 -1 -1 -1 -1 -1 -1 -1 -1 -1 -1 -1 -1 -1 
409
