-1 -1 -1 -1 -1 -1 -1 -1 -1 -1 -1 -1 -1 -1 -1 -1 -1 -1 -1 -1 -1 -1 -1 -1 -1 -1 -1 -1 -1 -1 -1 -1 -1 -1 -1 -1 -1 -1 -1 -1 -1 -1 -1 -1 -1 -1 -1 -1 -1 -1 -1 -1 -1 -1 -1 -1 -1 -1 -1 -1 -1 -1 -1 -1 -1 -1 -1 -1 -1 -1 -1 -1 -1 -1 -1 -1 -1 -1 -1 -1 -1 -1 -1 -1 -1 -1 -1 -1 -1 -1 -1 -1 -1 -1 -1 -1 -1 -1 -1 -1 -1 -1 -1 -1 -1 -1 -1 -1 -1 -1 -1 -1 -1 -1 -1 -1 -1 -1 -1 -1 -1 -1 -1 -1 -1 -1 -1 -1 
-1 410 410 410 410 410 410 410 410 410 410 410 410 410 410 410 410 411 412 413 414 415 416 417 418 419 420 421 422 423 424 425 426 427 428 429 430 431 432 433 434 435 436 437 438 439 440 441 442 443 333 332 331 330 329 328 327 326 325 324 323 322 321 320 319 318 317 316 315 314 313 312 311 310 309 308 307 306 305 304 303 302 301 300 299 298 297 296 295 294 293 292 291 290 289 288 287 286 285 284 283 282 281 280 279 278 277 276 275 274 273 272 271 270 269 268 267 266 265 264 263 263 263 263 263 263 263 -1 
-1 409 409 409 409 409 409 409 409 409 409 409 409 409 409 409 -1 -1 -1 -1 -1 -1 -1 -1 -1 -1 -1 -1 -1 -1 -1 -1 -1 -1 -1 -1 -1 -1 -1 -1 -1 -1 -1 -1 -1 -1 -1 -1 -1 -1 -1 -1 -1 -1 -1 -1 -1 -1 -1 -1 -1 -1 -1 -1 -1 -1 -1 -1 -1 -1 -1 -1 -1 -1 -1 -1 -1 -1 -1 -1 -1 -1 -1 -1 -1 -1 -1 -1 -1 -1 -1 -1 -1 -1 -1 -1 -1 -1 -1 -1 -1 -1 -1 -1 -1 -1 -1 -1 -1 -1 -1 -1 -1 -1 -1 -1 -1 -1 -1 -1 -1 262 262 262 262 262 262 -1 
-1 408 408 408 408 408 408 408 408 408 408 408 408 408 408 408 -1 355 355 355 355 355 355 355 355 355 355 355 355 355 355 356 357 358 359 360 361 362 363 364 365 366 367 368 369 370 371 372 373 374 375 376 377 378 379 380 381 382 383 384 385 386 387 388 389 390 391 392 393 394 395 396 397 398 399 400 401 402 403 404 405 406 407 408 409 410 411 412 415 415 415 416 417 420 420 420 421 422 423 424 425 426 427 428 429 430 431 432 433 434 435 436 437 438 439 440 441 442 443 444 -1 261 261 261 261 261 261 -1 
-1 407 407 407 407 407 407 407 407 407 407 407 407 407 407 407 -1 354 354 354 354 354 354 354 354 354 354 354 354 354 355 356 357 358 359 360 361 362 363 364 365 366 367 368 369 370 371 372 373 374 375 376 377 378 379 380 381 382 383 384 385 386 387 388 389 390 391 392 393 394 395 396 397 398 399 400 401 402 403 404 405 406 407 408 409 410 411 412 414 414 415 416 417 418 419 420 421 422 423 424 425 426 427 428 429 430 431 432 433 434 435 436 437 438 439 440 441 442 443 444 -1 260 260 260 260 260 260 -1 
-1 406 406 406 406 406 406 406 406 406 406 406 406 406 406 406 -1 353 353 353 353 353 353 353 353 353 353 353 353 354 355 356 357 358 359 360 361 362 363 364 365 366 367 368 369 370 371 372 373 374 375 376 377 378 379 380 381 382 383 384 385 386 387 388 389 390 391 392 393 394 395 396 397 398 399 400 401 402 403 404 405 406 407 408 409 410 411 412 413 414 415 416 417 418 419 420 421 422 423 424 425 426 427 428 429 430 431 432 433 434 435 436 437 438 439 440 441 442 443 444 -1 259 259 259 259 259 259 -1 
-1 405 405 405 405 405 405 405 405 405 405 405 405 405 405 405 -1 352 352 352 352 352 352 352 352 352 352 352 353 354 355 356 357 358 359 360 361 362 363 364 365 366 367 368 369 370 371 372 373 374 375 376 377 378 379 380 381 382 383 384 385 386 387 388 389 390 391 392 393 394 395 396 397 398 399 400 401 402 403 404 405 406 407 408 409 410 411 412 413 414 415 416 417 418 419 420 421 422 423 424 425 426 427 428 429 430 431 432 433 434 435 436 437 438 439 440 441 442 443 444 -1 258 258 258 258 258 258 -1 
-1 404 404 404 404 404 404 404 404 404 404 404 404 404 404 404 -1 351 351 351 351 351 351 351 351 351 351 352 353 354 355 356 357 358 359 360 361 362 363 364 365 366 367 368 369 370 371 372 373 374 375 376 377 378 379 380 381 382 383 384 385 386 387 388 389 390 391 392 393 394 395 396 397 398 399 400 401 402 403 404 405 406 407 408 409 410 411 412 413 414 415 416 417 418 419 420 421 422 423 424 425 426 427 428 429 430 431 432 433 434 435 436 437 438 439 440 441 442 443 444 -1 257 257 257 257 257 257 -1 
-1 403 403 403 403 403 403 403 403 403 403 403 403 403 403 403 -1 350 350 350 350 350 350 350 350 350 351 352 353 354 355 356 357 358 359 360 361 362 363 364 365 366 367 368 369 370 371 372 373 374 375 376 377 378 379 380 381 382 383 384 385 386 387 388 389 390 391 392 393 394 395 396 397 398 399 400 401 402 403 404 405 406 407 408 409 410 411 412 413 414 415 416 417 418 419 420 421 422 423 424 425 426 427 428 429 430 431 432 433 434 435 436 437 438 439 440 441 442 443 444 -1 256 256 256 256 256 256 -1 
-1 402 402 402 402 402 402 402 402 402 402 402 402 402 402 402 -1 349 349 349 349 349 349 349 349 349 351 352 353 354 355 356 357 358 359 360 361 362 363 364 365 366 367 368 369 370 371 372 373 374 375 376 377 378 379 380 381 382 383 384 385 386 387 388 389 390 391 392 393 394 395 396 397 398 399 400 401 402 403 404 405 406 407 408 409 410 411 412 413 414 415 416 417 418 421 421 421 422 423 424 425 426 427 428 429 430 431 432 433 434 435 436 437 440 440 440 441 442 443 444 -1 255 255 255 255 255 255 -1 
-1 401 401 401 401 401 401 401 401 401 401 401 401 401 401 401 -1 348 348 348 348 348 348 348 348 348 348 352 353 354 355 356 357 358 359 360 361 362 363 364 365 366 367 368 369 370 371 372 373 374 375 376 377 378 379 380 381 382 383 384 385 386 387 388 389 390 391 392 393 394 395 396 397 398 399 400 401 402 403 404 405 406 407 408 409 410 411 412 413 414 415 416 417 418 419 422 422 422 423 424 425 426 427 428 429 430 431 432 433 434 435 436 441 441 441 441 441 442 443 444 -1 254 254 254 254 254 254 -1 
-1 400 400 400 400 400 400 400 400 400 400 400 400 400 400 400 -1 347 347 347 347 347 347 347 347 347 347 347 353 -1 -1 -1 -1 -1 -1 -1 -1 -1 -1 -1 -1 -1 -1 -1 -1 -1 -1 -1 -1 -1 -1 -1 -1 -1 -1 -1 -1 -1 -1 -1 -1 -1 -1 -1 -1 -1 -1 -1 -1 -1 -1 -1 -1 -1 -1 -1 -1 -1 -1 -1 -1 -1 -1 -1 -1 -1 -1 -1 -1 -1 -1 -1 -1 -1 -1 -1 -1 -1 -1 -1 -1 -1 -1 -1 -1 -1 -1 -1 -1 -1 -1 442 442 442 442 442 442 442 443 444 -1 253 253 253 253 253 253 -1 
-1 399 399 399 399 399 399 399 399 399 399 399 399 399 399 399 -1 346 346 346 346 346 346 346 346 346 346 346 -1 -1 218 218 218 218 218 218 218 218 218 218 218 218 218 218 218 218 218 218 218 218 218 218 218 218 218 218 218 218 218 218 218 218 218 218 218 218 218 219 220 221 222 223 224 225 226 164 163 162 162 162 162 162 162 162 162 162 162 162 162 162 162 162 162 162 162 162 162 162 162 162 162 162 162 162 162 162 162 162 162 162 -1 -1 443 443 443 443 443 443 443 444 -1 252 252 252 252 252 252 -1 
-1 398 398 398 398 398 398 398 398 398 398 398 398 398 398 398 -1 345 345 345 345 345 345 345 345 345 345 345 -1 217 217 217 217 217 217 217 217 217 217 217 217 217 217 217 217 217 217 217 217 217 217 217 217 217 217 217 217 217 217 217 217 217 217 217 217 217 218 219 220 221 222 223 224 225 226 164 163 162 161 161 161 161 161 161 161 161 161 161 161 161 161 161 161 161 161 161 161 161 161 161 161 161 161 161 161 161 161 161 161 161 161 -1 444 444 444 444 444 444 444 444 -1 251 251 251 251 251 251 -1 
-1 397 397 397 397 397 397 397 397 397 397 397 397 397 397 397 -1 344 344 344 344 344 344 344 344 344 344 344 -1 216 216 216 216 216 216 216 216 216 216 216 216 216 216 216 216 216 216 216 216 216 216 216 216 216 216 216 216 216 216 216 216 216 216 216 216 217 218 219 220 221 222 223 224 225 226 164 163 162 161 160 160 160 160 160 160 160 160 160 160 160 160 160 160 160 160 160 160 160 160 160 160 160 160 160 160 160 160 160 160 160 160 -1 445 445 445 445 445 445 445 445 -1 250 250 250 250 250 250 -1 
-1 396 396 396 396 396 396 396 396 396 396 396 396 396 396 396 -1 343 343 343 343 343 343 343 343 343 343 343 -1 215 215 215 215 215 215 215 215 215 215 215 215 215 215 215 215 215 215 215 215 215 215 215 215 215 215 215 215 215 215 215 215 215 215 215 216 217 218 219 220 221 222 223 224 225 226 164 163 162 161 160 159 159 159 159 159 159 159 159 159 159 159 159 159 159 159 159 159 159 159 159 159 159 159 159 159 159 159 159 159 159 159 -1 446 446 446 446 446 446 446 446 -1 249 249 249 249 249 249 -1 
-1 395 395 395 395 395 395 395 395 395 395 395 395 395 395 395 -1 342 342 342 342 342 342 342 342 342 342 342 -1 214 214 214 214 214 214 214 214 214 214 214 214 214 214 214 214 214 214 214 214 214 214 214 214 214 214 214 214 214 214 214 214 214 214 215 216 217 218 219 220 221 222 223 224 225 226 164 163 162 161 160 159 158 158 158 158 158 158 158 158 158 158 158 158 158 158 158 158 158 158 158 158 158 158 158 158 158 158 158 158 158 158 -1 447 447 447 447 447 447 447 447 -1 248 248 248 248 248 248 -1 
-1 394 394 394 394 394 394 394 394 394 394 394 394 394 394 394 -1 341 341 341 341 341 341 341 341 341 341 341 -1 213 213 213 213 213 213 213 213 213 213 213 213 213 213 213 213 213 213 213 213 213 213 213 213 213 213 213 213 213 213 213 213 213 214 215 216 217 218 219 220 221 222 223 224 225 226 164 163 162 161 160 159 158 157 157 157 157 157 157 157 157 157 157 157 157 157 157 157 157 157 157 157 157 157 157 157 157 157 157 157 157 157 -1 448 448 448 448 448 448 448 448 -1 247 247 247 247 247 247 -1 
-1 393 393 393 393 393 393 393 393 393 393 393 393 393 393 393 -1 340 340 340 340 340 340 340 340 340 340 340 -1 212 212 212 212 212 212 212 212 212 212 212 212 212 212 212 212 212 212 212 212 212 212 212 212 212 212 212 212 212 212 212 212 213 214 215 216 217 218 219 220 221 222 223 224 225 226 164 163 162 161 160 159 158 157 156 156 156 156 156 156 156 156 156 156 156 156 156 156 156 156 156 156 156 156 156 156 156 156 156 156 156 156 -1 449 449 449 449 449 449 449 449 -1 246 246 246 246 246 246 -1 
-1 392 392 392 392 392 392 392 392 392 392 392 392 392 392 392 -1 339 339 339 339 339 339 339 339 339 339 339 -1 211 211 211 211 211 211 211 211 211 211 211 211 211 211 211 211 211 211 211 211 211 211 211 211 211 211 211 211 211 211 211 212 213 214 215 216 217 218 219 220 221 222 223 224 225 226 164 163 162 161 160 159 158 157 156 155 155 155 155 155 155 155 155 155 155 155 155 155 155 155 155 155 155 155 155 155 155 155 155 155 155 155 -1 450 450 450 450 450 450 450 450 -1 245 245 245 245 245 245 -1 
-1 391 391 391 391 391 391 391 391 391 391 391 391 391 391 391 -1 338 338 338 338 338 338 338 338 338 338 338 -1 210 210 210 210 210 210 210 210 210 210 210 210 210 210 210 210 210 210 210 210 210 210 210 210 210 210 210 210 210 210 211 212 213 214 215 216 217 218 219 220 221 222 223 224 225 226 164 163 162 161 160 159 158 157 156 155 154 154 154 154 154 154 154 154 154 154 154 154 154 154 154 154 154 154 154 154 154 154 154 154 154 154 -1 451 451 451 451 451 451 451 451 -1 244 244 244 244 244 244 -1 
-1 390 390 390 390 390 390 390 390 390 390 390 390 390 390 390 -1 337 337 337 337 337 337 337 337 337 337 337 -1 209 209 209 209 209 209 209 209 209 209 209 209 209 209 209 209 209 209 209 209 209 209 209 209 209 209 209 209 209 210 211 212 213 214 215 216 217 218 219 220 221 222 223 224 225 226 164 163 162 161 160 159 158 157 156 155 154 153 153 153 153 153 153 153 153 153 153 153 153 153 153 153 153 153 153 153 153 153 153 153 153 153 -1 452 452 452 452 452 452 452 452 -1 243 243 243 243 243 243 -1 
-1 389 389 389 389 389 389 389 389 389 389 389 389 389 389 389 -1 336 336 336 336 336 336 336 336 336 336 336 -1 208 208 208 208 208 208 208 208 208 208 208 208 208 208 208 208 208 208 208 208 208 208 208 208 208 208 208 208 209 210 211 212 213 214 215 216 217 218 219 220 221 222 223 224 225 226 164 163 162 161 160 159 158 157 156 155 154 153 152 152 152 152 152 152 152 152 152 152 152 152 152 152 152 152 152 152 152 152 152 152 152 152 -1 453 453 453 453 453 453 453 453 -1 242 242 242 242 242 242 -1 
-1 388 388 388 388 388 388 388 388 388 388 388 388 388 388 388 -1 335 335 335 335 335 335 335 335 335 335 335 -1 207 207 207 207 207 207 207 207 207 207 207 207 207 207 207 207 207 207 207 207 207 207 207 207 207 207 207 208 209 210 211 212 213 214 215 216 217 218 219 220 221 222 223 224 225 226 164 163 162 161 160 159 158 157 156 155 154 153 152 151 151 151 151 151 151 151 151 151 151 151 151 151 151 151 151 151 151 151 151 151 151 151 -1 454 454 454 454 454 454 454 454 -1 241 241 241 241 241 241 -1 
-1 387 387 387 387 387 387 387 387 387 387 387 387 387 387 388 -1 334 334 334 334 334 334 334 334 334 334 334 -1 207 206 206 206 206 206 206 206 206 206 206 206 206 206 206 206 206 206 206 206 206 206 206 206 206 206 207 208 209 210 211 212 213 214 215 216 217 218 219 220 221 222 223 224 225 226 164 163 162 161 160 159 158 157 156 155 154 153 152 151 150 150 150 150 150 150 150 150 150 150 150 150 150 150 150 150 150 150 150 150 150 150 -1 455 455 455 455 455 455 455 455 -1 240 240 240 240 240 240 -1 
-1 386 386 386 386 386 386 386 386 386 386 386 386 386 387 388 -1 333 333 333 333 333 333 333 333 333 333 333 -1 207 206 205 205 205 205 205 205 205 205 205 205 205 205 205 205 205 205 205 205 205 205 205 205 205 206 207 208 209 210 211 212 213 214 215 216 217 218 219 220 221 222 223 224 225 226 164 163 162 161 160 159 158 157 156 155 154 153 152 151 150 149 149 149 149 149 149 149 149 149 149 149 149 149 149 149 149 149 149 149 149 149 -1 456 456 456 456 456 456 456 456 -1 239 239 239 239 239 239 -1 
-1 385 385 385 385 385 385 385 385 385 385 385 385 386 387 388 -1 332 332 332 332 332 332 332 332 332 332 332 -1 207 206 205 204 204 204 204 204 204 204 204 204 204 204 204 204 204 204 204 204 204 204 204 204 -1 -1 -1 -1 -1 -1 -1 -1 -1 -1 -1 -1 -1 -1 -1 -1 -1 -1 -1 -1 -1 -1 -1 -1 -1 -1 -1 -1 -1 -1 -1 -1 -1 -1 -1 -1 -1 -1 148 148 148 148 148 148 148 148 148 148 148 148 148 148 148 148 148 148 148 148 -1 457 457 457 457 457 457 457 457 -1 238 238 238 238 238 238 -1 
-1 384 384 384 384 384 384 384 384 384 384 384 385 386 387 388 -1 331 331 331 331 331 331 331 331 331 331 331 -1 207 206 205 204 203 203 203 203 203 203 203 203 203 203 203 203 203 203 203 203 203 203 203 203 -1 163 162 161 160 159 158 157 156 155 154 153 153 152 151 150 150 148 147 147 147 147 147 147 147 147 147 147 147 147 147 147 147 147 147 147 147 -1 147 147 147 147 147 147 147 147 147 147 147 147 147 147 147 147 147 147 147 147 -1 458 458 458 458 458 458 458 458 -1 237 237 237 237 237 237 -1 
-1 383 383 383 383 383 383 383 383 383 383 -1 -1 -1 -1 -1 -1 330 330 330 330 330 330 330 330 330 330 330 -1 -1 -1 -1 -1 -1 202 202 202 202 202 202 202 202 202 202 202 202 202 202 202 202 202 202 202 -1 163 162 161 160 159 158 157 156 155 154 153 152 152 151 150 149 149 147 146 146 146 146 146 146 146 146 146 146 146 146 146 146 146 146 146 146 -1 146 146 146 146 146 146 146 146 146 146 146 146 146 146 146 146 146 146 146 146 -1 459 459 459 459 459 459 459 459 -1 236 236 236 236 236 236 -1 
-1 382 382 382 382 382 382 382 382 382 382 -1 332 331 330 329 329 329 329 329 329 329 329 329 329 329 329 329 329 329 330 331 332 -1 201 201 201 201 201 201 201 201 201 201 201 201 201 201 201 201 201 201 201 -1 163 162 161 160 159 158 157 156 155 154 153 152 151 151 150 149 148 147 146 145 145 145 145 145 145 145 145 145 145 145 145 145 145 145 145 145 -1 145 145 145 145 145 145 145 145 145 145 145 145 145 145 145 145 145 145 145 145 -1 460 460 460 460 460 460 460 460 -1 235 235 235 235 235 235 -1 
-1 381 381 381 381 381 381 381 381 381 381 -1 332 331 330 329 328 328 328 328 328 328 328 328 328 328 328 328 328 329 330 331 332 -1 200 200 200 200 200 200 200 200 200 200 200 200 200 200 200 200 200 200 200 -1 163 162 161 160 159 158 157 156 155 154 153 152 151 150 150 149 148 147 146 145 144 144 144 144 144 144 144 144 144 144 144 144 144 144 144 144 -1 144 144 144 144 144 144 144 144 144 144 144 144 144 144 144 144 144 144 144 144 -1 461 461 461 461 461 461 461 461 -1 234 234 234 234 234 234 -1 
-1 380 380 380 380 380 380 380 380 380 380 -1 332 331 330 329 328 327 327 327 327 327 327 327 327 327 327 327 328 329 330 331 332 -1 199 199 199 199 199 199 199 199 199 199 199 199 199 199 199 199 199 199 199 -1 163 162 161 160 159 158 157 156 155 154 153 152 151 150 149 149 148 147 146 145 144 143 143 143 143 143 143 143 143 143 143 143 143 143 143 143 -1 143 143 143 143 143 143 143 143 143 143 143 143 143 143 143 143 143 143 143 143 -1 462 462 462 462 462 462 462 462 -1 233 233 233 233 233 233 -1 
-1 379 379 379 379 379 379 379 379 379 379 -1 332 331 330 329 328 327 326 326 326 326 326 326 326 326 326 327 328 329 330 331 332 -1 198 198 198 198 198 198 198 198 198 198 198 198 198 198 198 198 198 198 198 -1 163 162 161 160 159 158 157 156 155 154 153 151 151 150 149 148 148 147 144 143 142 143 142 142 142 142 142 142 142 142 142 142 142 142 142 142 -1 142 142 142 142 142 142 142 142 142 142 142 142 142 142 142 142 142 142 142 142 -1 463 463 463 463 463 463 463 463 -1 232 232 232 232 232 232 -1 
-1 378 378 378 378 378 378 378 378 378 378 -1 332 331 330 329 328 327 325 325 325 325 325 325 325 325 325 327 328 329 330 331 332 -1 197 197 197 197 197 197 197 197 197 197 197 197 197 197 197 197 197 197 197 -1 163 162 161 160 159 158 157 156 155 154 154 151 150 150 149 148 147 147 144 143 142 141 141 141 141 141 141 141 141 141 141 141 141 141 141 141 -1 141 141 141 141 141 141 141 141 141 141 141 141 141 141 141 141 141 141 141 141 -1 464 464 464 464 464 464 464 464 -1 231 231 231 231 231 231 -1 
-1 377 377 377 377 377 377 377 377 377 377 -1 332 331 330 329 328 324 324 324 324 324 324 324 324 324 324 324 328 329 330 331 332 -1 196 196 196 196 196 196 196 196 196 196 196 196 196 196 196 196 196 196 196 -1 163 162 161 160 159 158 157 156 155 155 152 151 150 149 149 148 146 146 146 143 142 141 140 140 140 140 140 140 140 140 140 140 140 140 140 140 -1 140 140 140 140 140 140 140 140 140 140 140 140 140 140 140 140 140 140 140 140 -1 465 465 465 465 465 465 465 465 -1 230 230 230 230 230 230 -1 
-1 376 376 376 376 376 376 376 376 376 376 -1 -1 -1 -1 -1 -1 323 323 323 323 323 323 323 323 323 323 323 -1 -1 -1 -1 -1 -1 195 195 195 195 195 195 195 195 195 195 195 195 195 195 195 195 195 195 195 -1 163 162 161 160 159 158 157 156 156 156 152 151 150 149 148 147 146 145 145 143 142 141 140 139 139 139 139 139 139 139 139 139 139 139 139 139 -1 139 139 139 139 139 139 139 139 139 139 139 139 139 139 139 139 139 139 139 139 -1 466 466 466 466 466 466 466 466 -1 229 229 229 229 229 229 -1 
-1 375 375 375 375 375 375 375 375 375 375 375 375 375 375 375 -1 322 322 322 322 322 322 322 322 322 322 322 -1 197 196 195 194 194 194 194 194 194 194 194 194 194 194 194 194 194 194 194 194 194 194 194 194 -1 163 162 161 160 159 158 157 155 154 154 152 151 150 149 148 147 146 145 144 144 142 141 140 139 138 138 138 138 138 138 138 138 138 138 138 138 -1 138 138 138 138 138 138 138 138 138 138 138 138 138 138 138 138 138 138 138 138 -1 467 467 467 467 467 467 467 467 -1 228 228 228 228 228 228 -1 
-1 374 374 374 374 374 374 374 374 374 374 374 374 374 374 374 -1 321 321 321 321 321 321 321 321 321 321 321 -1 197 196 195 194 193 193 193 193 193 193 193 193 193 193 193 193 193 193 193 193 193 193 193 193 -1 163 162 161 160 159 158 156 155 154 153 152 151 150 149 148 147 146 145 144 143 142 141 140 139 138 137 137 137 137 137 137 137 137 137 137 137 -1 137 137 137 137 137 137 137 137 137 137 137 137 137 137 137 137 137 137 137 137 -1 468 468 468 468 468 468 468 468 -1 227 227 227 227 227 227 -1 
-1 373 373 373 373 373 373 373 373 373 373 373 373 373 373 374 -1 320 320 320 320 320 320 320 320 320 320 320 -1 197 196 195 194 193 192 192 192 192 192 192 192 192 192 192 192 192 192 192 192 192 192 192 192 -1 163 162 161 160 159 157 156 155 154 153 152 151 150 149 148 147 146 145 144 143 142 141 140 139 138 137 136 136 136 136 136 136 136 136 136 136 -1 136 136 136 136 136 136 136 136 136 136 136 136 136 136 136 136 136 136 136 136 -1 469 469 469 469 469 469 469 469 -1 226 226 226 226 226 226 -1 
-1 372 372 372 372 372 372 372 372 372 372 372 372 372 373 374 -1 319 319 319 319 319 319 319 319 319 319 319 -1 197 196 195 194 193 192 191 191 191 191 191 191 191 191 191 191 191 191 191 191 191 191 191 191 -1 163 162 161 160 158 157 156 155 154 153 152 151 150 149 148 147 146 145 144 143 142 141 140 139 138 137 136 135 135 135 135 135 135 135 135 135 -1 135 135 135 135 135 135 135 135 135 135 135 135 135 135 135 135 135 135 135 135 -1 470 470 470 470 470 470 470 470 -1 225 225 225 225 225 225 -1 
-1 371 371 371 371 371 371 371 371 371 371 371 371 372 373 374 -1 318 318 318 318 318 318 318 318 318 318 318 -1 197 196 195 194 193 192 191 190 190 190 190 190 190 190 190 190 190 190 190 190 190 190 190 190 -1 163 162 161 159 158 157 156 155 154 153 152 151 150 149 149 147 146 145 144 143 142 142 140 139 138 137 136 135 134 134 134 134 134 134 134 134 -1 134 134 134 134 134 134 134 134 134 134 134 134 134 134 134 134 134 134 134 134 -1 471 471 471 471 471 471 471 471 -1 224 224 224 224 224 224 -1 
-1 370 370 370 370 370 370 370 370 370 370 370 371 372 373 374 -1 317 317 317 317 317 317 317 317 317 317 317 -1 197 196 195 194 193 192 191 190 189 189 189 189 189 189 189 189 189 189 189 189 189 189 189 189 -1 163 162 160 159 158 157 156 155 154 153 152 151 150 150 148 147 146 145 144 143 143 141 140 139 138 137 136 135 134 133 133 133 133 133 133 133 -1 133 133 133 133 133 133 133 133 133 133 133 133 133 133 133 133 133 133 133 133 -1 472 472 472 472 472 472 472 472 -1 223 223 223 223 223 223 -1 
-1 369 369 369 369 369 369 369 369 369 369 -1 -1 -1 -1 -1 -1 316 316 316 316 316 316 316 316 316 316 316 -1 -1 -1 -1 -1 -1 192 191 190 189 188 188 188 188 188 188 188 188 188 188 188 188 188 188 188 -1 163 161 160 159 158 158 158 155 154 154 152 151 151 151 148 147 146 145 144 144 144 141 140 139 138 137 136 135 134 132 132 132 132 132 132 132 -1 132 132 132 132 132 132 132 132 132 132 132 132 132 132 132 132 132 132 132 132 -1 473 473 473 473 473 473 473 473 -1 222 222 222 222 222 222 -1 
-1 368 368 368 368 368 368 368 368 368 368 -1 318 317 316 315 315 315 315 315 315 315 315 315 315 315 315 315 315 315 316 317 318 -1 192 191 190 189 188 187 187 187 187 187 187 187 187 187 187 187 187 187 187 -1 162 161 160 159 159 159 159 159 155 153 152 152 152 149 148 147 146 145 145 145 142 141 140 139 138 137 136 135 131 131 131 131 131 131 131 131 -1 131 131 131 131 131 131 131 131 131 131 131 131 131 131 131 131 131 131 131 131 -1 474 474 474 474 474 474 474 474 -1 221 221 221 221 221 221 -1 
-1 367 367 367 367 367 367 367 367 367 367 -1 318 317 316 315 314 314 314 314 314 314 314 314 314 314 314 314 314 315 316 317 318 -1 192 191 190 189 188 187 186 186 186 186 186 186 186 186 186 186 186 186 186 -1 162 161 160 160 160 160 160 160 160 -1 -1 -1 -1 -1 -1 -1 -1 -1 -1 -1 -1 -1 -1 -1 -1 -1 136 130 130 130 130 130 130 130 130 130 -1 130 130 130 130 130 130 130 130 130 130 130 130 130 130 130 130 130 130 130 130 -1 475 475 475 475 475 475 475 475 -1 220 220 220 220 220 220 -1 
-1 366 366 366 366 366 366 366 366 366 366 -1 318 317 316 315 314 313 313 313 313 313 313 313 313 313 313 313 314 315 316 317 318 -1 192 191 190 189 188 187 186 185 185 185 185 185 185 185 185 185 185 185 185 -1 162 161 161 161 161 161 161 161 -1 -1 185 185 185 185 185 185 -1 129 129 129 129 129 129 129 129 -1 -1 129 129 129 129 129 129 129 129 129 -1 129 129 129 129 129 129 129 129 129 129 129 129 129 129 129 129 129 129 129 129 -1 476 476 476 476 476 476 476 476 -1 219 219 219 219 219 219 -1 
-1 365 365 365 365 365 365 365 365 365 365 -1 318 317 316 315 314 313 312 312 312 312 312 312 312 312 312 313 314 315 316 317 318 -1 192 191 190 189 188 187 186 185 184 184 184 184 184 184 184 184 184 184 184 -1 162 162 162 162 162 162 162 162 -1 184 184 184 184 184 184 184 -1 128 128 128 128 128 128 128 128 128 -1 128 128 128 128 128 128 128 128 128 -1 128 128 128 128 128 128 128 128 128 128 128 128 128 128 128 128 128 128 128 128 -1 477 477 477 477 477 477 477 477 -1 218 218 218 218 218 218 -1 
-1 364 364 364 364 364 364 364 364 364 364 -1 318 317 316 315 314 313 311 311 311 311 311 311 311 311 311 313 314 315 316 317 318 -1 192 191 190 189 188 187 186 185 184 183 183 183 183 183 183 183 183 183 183 -1 163 163 163 163 163 163 163 163 -1 183 183 183 183 183 183 183 -1 127 127 127 127 127 127 127 127 127 -1 127 127 127 127 127 127 127 127 127 -1 127 127 127 127 127 127 127 127 127 127 127 127 127 127 127 127 127 127 127 127 -1 478 478 478 478 478 478 478 478 -1 217 217 217 217 217 217 -1 
-1 363 363 363 363 363 363 363 363 363 363 -1 318 317 316 315 314 310 310 310 310 310 310 310 310 310 310 310 314 315 316 317 318 -1 192 191 190 189 188 187 186 185 184 183 182 182 182 182 182 182 182 182 182 -1 164 164 164 164 164 164 164 164 -1 182 182 182 182 182 182 182 -1 126 126 126 126 126 126 126 126 126 -1 126 126 126 126 126 126 126 126 126 -1 126 126 126 126 126 126 126 126 126 126 126 126 126 126 126 126 126 126 126 126 -1 479 479 479 479 479 479 479 479 -1 216 216 216 216 216 216 -1 
-1 362 362 362 362 362 362 362 362 362 362 -1 -1 -1 -1 -1 -1 309 309 309 309 309 309 309 309 309 309 309 -1 -1 -1 -1 -1 -1 192 191 190 189 188 187 186 185 184 183 182 181 181 181 181 181 181 181 181 -1 165 165 165 165 165 165 165 165 -1 181 181 181 181 181 181 181 -1 125 125 125 125 125 125 125 125 125 -1 125 125 125 125 125 125 125 125 125 -1 125 125 125 125 125 125 125 125 125 125 125 125 125 125 125 125 125 125 125 126 -1 480 480 480 480 480 480 480 480 -1 215 215 215 215 215 215 -1 
-1 361 361 361 361 361 361 361 361 361 361 361 361 361 361 361 -1 308 308 308 308 308 308 308 308 308 308 308 -1 197 196 195 194 193 192 191 190 189 188 187 186 185 184 183 182 181 180 180 180 180 180 180 180 -1 166 166 166 166 166 166 166 166 -1 180 180 180 180 180 180 180 -1 124 124 124 124 124 124 124 124 124 -1 124 124 124 124 124 124 124 124 124 -1 124 124 124 124 124 124 124 124 124 124 124 124 124 124 124 124 124 124 125 126 -1 481 481 481 481 481 481 481 481 -1 214 214 214 214 214 214 -1 
-1 360 360 360 360 360 360 360 360 360 360 360 360 360 360 360 -1 307 307 307 307 307 307 307 307 307 307 307 -1 197 196 195 194 193 192 191 190 189 188 187 186 185 184 183 182 181 180 179 179 179 179 179 179 -1 167 167 167 167 167 167 167 167 -1 179 179 179 179 179 179 180 -1 123 123 123 123 123 123 123 123 123 -1 123 123 123 123 123 123 123 123 123 -1 123 123 123 123 123 123 123 123 123 123 123 123 123 123 123 123 123 124 125 126 -1 482 482 482 482 482 482 482 482 -1 213 213 213 213 213 213 -1 
-1 359 359 359 359 359 359 359 359 359 359 359 359 359 359 360 -1 306 306 306 306 306 306 306 306 306 306 306 -1 197 196 195 194 193 192 191 190 189 188 187 186 185 184 183 182 181 180 179 178 178 178 178 178 -1 168 168 168 168 168 168 168 168 -1 178 178 178 178 178 179 180 -1 122 122 122 122 122 122 122 122 122 -1 122 122 122 122 122 122 122 122 122 -1 122 122 122 122 122 122 122 122 122 122 122 122 122 122 122 122 123 124 125 126 -1 483 483 483 483 483 483 483 483 -1 212 212 212 212 212 212 -1 
-1 358 358 358 358 358 358 358 358 358 358 358 358 358 359 360 -1 305 305 305 305 305 305 305 305 305 305 305 -1 197 196 195 194 193 192 191 190 189 188 187 186 185 184 183 182 181 180 179 178 177 177 177 177 -1 169 169 169 169 169 169 169 169 -1 177 177 177 177 178 179 180 -1 121 121 121 121 121 121 121 121 121 -1 121 121 121 121 121 121 121 121 121 -1 121 121 121 121 121 121 121 121 121 121 121 121 121 121 121 122 123 124 125 126 -1 484 484 484 484 484 484 484 484 -1 211 211 211 211 211 211 -1 
-1 357 357 357 357 357 357 357 357 357 357 357 357 358 359 360 -1 304 304 304 304 304 304 304 304 304 304 304 -1 197 196 195 194 193 192 191 190 189 188 187 186 185 184 183 182 181 180 179 178 177 176 176 176 -1 170 170 170 170 170 170 170 170 -1 176 176 176 177 178 179 180 -1 120 120 120 120 120 120 120 120 120 -1 120 120 120 120 120 120 120 120 120 -1 120 120 120 120 120 120 120 120 120 120 120 120 120 120 121 122 123 124 125 126 -1 485 485 485 485 485 485 485 485 -1 210 210 210 210 210 210 -1 
-1 356 356 356 356 356 356 356 356 356 356 356 357 358 359 360 -1 303 303 303 303 303 303 303 303 303 303 303 -1 197 196 195 194 193 192 191 190 189 188 187 186 185 184 183 182 181 180 179 178 177 176 175 175 -1 171 171 171 171 171 171 171 171 -1 175 175 176 177 178 179 180 -1 119 119 119 119 119 119 119 119 119 -1 119 119 119 119 119 119 119 119 119 -1 119 119 119 119 119 119 119 119 119 119 119 119 119 120 121 122 123 124 125 126 -1 486 486 486 486 486 486 486 486 -1 209 209 209 209 209 209 -1 
-1 355 355 355 355 355 355 355 355 355 355 -1 -1 -1 -1 -1 -1 302 302 302 302 302 302 302 302 302 302 302 -1 -1 -1 -1 -1 -1 192 191 190 189 188 187 186 185 184 183 182 181 180 179 178 177 176 175 174 -1 172 172 172 172 172 172 172 172 -1 174 175 176 177 178 179 180 -1 118 118 118 118 118 118 118 118 118 -1 118 118 118 118 118 118 118 118 118 -1 118 118 118 118 118 118 118 118 118 118 118 118 119 120 121 122 123 124 125 126 -1 487 487 487 487 487 487 487 487 -1 208 208 208 208 208 208 -1 
-1 354 354 354 354 354 354 354 354 354 354 -1 304 303 302 301 301 301 301 301 301 301 301 301 301 301 301 301 301 301 302 303 304 -1 192 191 190 189 188 187 186 185 184 183 182 181 180 179 178 177 176 175 174 173 173 173 173 173 173 173 173 173 173 174 175 176 177 178 179 180 -1 117 117 117 117 117 117 117 117 117 -1 117 117 117 117 117 117 117 117 117 -1 117 117 117 117 117 117 117 117 117 117 117 118 119 120 121 122 123 124 125 126 -1 488 488 488 488 488 488 488 488 -1 207 207 207 207 207 207 -1 
-1 353 353 353 353 353 353 353 353 353 353 -1 304 303 302 301 300 300 300 300 300 300 300 300 300 300 300 300 300 301 302 303 304 -1 192 191 190 189 188 187 186 185 184 183 182 181 180 179 178 177 176 175 174 174 174 174 174 174 174 174 174 174 174 174 175 176 177 178 179 180 -1 116 116 116 116 116 116 116 116 116 -1 116 116 116 116 116 116 116 116 116 -1 116 116 116 116 116 116 116 116 116 116 117 118 119 120 121 122 123 124 125 126 -1 489 489 489 489 489 489 489 489 -1 206 206 206 206 206 206 -1 
-1 352 352 352 352 352 352 352 352 352 352 -1 304 303 302 301 300 299 299 299 299 299 299 299 299 299 299 299 300 301 302 303 304 -1 192 191 190 189 188 187 186 185 184 183 182 181 180 179 178 177 176 175 175 175 175 175 175 175 175 175 175 175 175 175 175 176 177 178 179 180 -1 115 115 115 115 115 115 115 115 115 -1 115 115 115 115 115 115 115 115 115 -1 115 115 115 115 115 115 115 115 115 116 117 118 119 120 121 122 123 124 125 126 -1 490 490 490 490 490 490 490 490 -1 205 205 205 205 205 205 -1 
-1 351 351 351 351 351 351 351 351 351 351 -1 304 303 302 301 300 299 298 298 298 298 298 298 298 298 298 299 300 301 302 303 304 -1 192 191 190 189 188 187 186 185 184 183 182 181 180 179 178 177 176 176 176 176 176 176 176 176 176 176 176 176 176 176 176 176 177 178 179 180 -1 115 114 114 114 114 114 114 114 114 -1 114 114 114 114 114 114 114 114 114 -1 114 114 114 114 114 114 114 114 115 116 117 118 119 120 121 122 123 124 125 114 -1 491 491 491 491 491 491 491 491 -1 204 204 204 204 204 204 -1 
-1 350 350 350 350 350 350 350 350 350 350 -1 304 303 302 301 300 299 297 297 297 297 297 297 297 297 297 299 300 301 302 303 304 -1 192 191 190 189 188 187 186 185 184 183 182 181 180 179 178 177 177 177 177 -1 177 177 177 177 177 177 177 177 -1 177 177 177 177 178 179 180 -1 115 114 113 113 113 113 113 113 113 -1 113 113 113 113 113 113 113 113 113 -1 113 113 113 113 113 113 113 114 115 116 117 118 119 120 121 122 123 124 113 113 -1 492 492 492 492 492 492 492 492 -1 203 203 203 203 203 203 -1 
-1 349 349 349 349 349 349 349 349 349 349 -1 304 303 302 301 300 296 296 296 296 296 296 296 296 296 296 296 300 301 302 303 304 -1 192 191 190 189 188 187 186 185 184 183 182 181 180 179 178 178 178 178 178 -1 178 178 178 178 178 178 178 178 -1 178 178 178 178 178 179 180 -1 115 114 113 112 112 112 112 112 112 -1 112 112 112 112 112 112 112 112 112 -1 112 112 112 112 112 112 113 114 115 116 117 118 119 120 121 122 123 112 112 112 -1 493 493 493 493 493 493 493 493 -1 202 202 202 202 202 202 -1 
-1 348 348 348 348 348 348 348 348 348 348 -1 -1 -1 -1 -1 -1 295 295 295 295 295 295 295 295 295 295 295 -1 -1 -1 -1 -1 -1 192 191 190 189 188 187 186 185 184 183 182 181 180 179 179 179 179 179 179 -1 179 179 179 179 179 179 179 179 -1 179 179 179 179 179 179 180 -1 115 114 113 112 111 111 111 111 111 -1 111 111 111 111 111 111 111 111 111 -1 111 111 111 111 111 112 113 114 115 116 117 118 119 120 121 122 111 111 111 111 -1 494 494 494 494 494 494 494 494 -1 201 201 201 201 201 201 -1 
-1 347 347 347 347 347 347 347 347 347 347 347 347 347 347 347 -1 294 294 294 294 294 294 294 294 294 294 294 -1 197 196 195 194 193 192 191 190 189 188 187 186 185 184 183 182 181 180 180 180 180 180 180 180 -1 180 180 180 180 180 180 180 180 -1 180 180 180 180 180 180 180 -1 115 114 113 112 111 110 110 110 110 -1 110 110 110 110 110 110 110 110 110 -1 110 110 110 110 111 112 113 114 115 116 117 118 119 120 121 110 110 110 110 110 -1 495 495 495 495 495 495 495 495 -1 200 200 200 200 200 200 -1 
-1 346 346 346 346 346 346 346 346 346 346 346 346 346 346 346 -1 293 293 293 293 293 293 293 293 293 293 293 -1 197 196 195 194 193 192 191 190 189 188 187 186 185 184 183 182 181 181 181 181 181 181 181 181 -1 181 181 181 181 181 181 181 181 -1 181 181 181 181 181 181 181 -1 115 114 113 112 111 110 109 109 109 109 109 109 109 109 109 109 109 109 109 109 109 109 109 110 111 112 113 114 115 116 117 118 119 120 109 109 109 109 109 110 -1 496 496 496 496 496 496 496 496 -1 199 199 199 199 199 199 -1 
-1 345 345 345 345 345 345 345 345 345 345 345 345 345 345 346 -1 292 292 292 292 292 292 292 292 292 292 292 -1 197 196 195 194 193 192 191 190 189 188 187 186 185 184 183 182 182 182 182 182 182 182 182 182 -1 182 182 182 182 182 182 182 182 -1 182 182 182 182 182 182 182 -1 115 114 113 112 111 110 109 108 108 108 108 108 108 108 108 108 108 108 108 108 108 108 109 110 111 112 113 114 115 116 117 118 119 108 108 108 108 108 109 110 -1 497 497 497 497 497 497 497 497 -1 198 198 198 198 198 198 -1 
-1 344 344 344 344 344 344 344 344 344 344 344 344 344 345 346 -1 291 291 291 291 291 291 291 291 291 291 291 -1 197 196 195 194 193 192 191 190 189 188 187 186 185 184 183 183 183 183 183 183 183 183 183 183 -1 183 183 183 183 183 183 183 183 -1 183 183 183 183 183 183 183 -1 115 114 113 112 111 110 109 108 107 107 107 107 107 107 107 107 107 107 107 107 107 108 109 110 111 112 113 114 115 116 117 118 107 107 107 107 107 108 109 110 -1 498 498 498 498 498 498 498 498 -1 197 197 197 197 197 197 -1 
-1 343 343 343 343 343 343 343 343 343 343 343 343 344 345 346 -1 290 290 290 290 290 290 290 290 290 290 290 -1 197 196 195 194 193 192 191 190 189 188 187 186 185 184 184 184 184 184 195 194 194 194 194 194 -1 184 184 184 184 184 184 184 184 -1 194 194 194 194 194 195 184 -1 115 114 113 112 111 110 109 108 107 106 106 106 106 106 106 106 106 106 106 106 107 108 109 110 111 112 113 114 115 116 117 106 106 106 106 106 107 108 109 110 -1 499 499 499 499 499 499 499 499 -1 196 196 196 196 196 196 -1 
-1 342 342 342 342 342 342 342 342 342 342 342 343 344 345 346 -1 289 289 289 289 289 289 289 289 289 289 289 -1 197 196 195 194 193 192 191 190 189 188 187 186 185 185 185 185 185 196 195 194 193 193 193 193 -1 185 185 185 185 185 185 185 185 -1 193 193 193 193 194 195 196 -1 115 114 113 112 111 110 109 108 107 -1 105 105 105 105 105 105 105 105 105 -1 107 108 109 110 111 112 113 114 115 116 105 105 105 105 105 106 107 108 109 110 -1 500 500 500 500 500 500 500 500 -1 195 195 195 195 195 195 -1 
-1 341 341 341 341 341 341 341 341 341 341 -1 -1 -1 -1 -1 -1 288 288 288 288 288 288 288 288 288 288 288 -1 -1 -1 -1 -1 -1 192 191 190 189 188 187 186 186 186 186 186 197 196 195 194 193 192 192 192 -1 186 186 186 186 186 186 186 186 -1 192 192 192 193 194 195 196 -1 115 114 113 112 111 110 109 108 108 -1 104 104 104 104 104 104 104 104 104 -1 108 108 109 110 111 112 113 114 115 104 104 104 104 104 105 106 107 108 109 110 -1 501 501 501 501 501 501 501 501 -1 194 194 194 194 194 194 -1 
-1 340 340 340 340 340 340 340 340 340 340 -1 290 289 288 287 287 287 287 287 287 287 287 287 287 287 287 287 287 287 288 289 290 -1 192 191 190 189 188 187 187 187 187 187 198 197 196 195 194 193 192 191 191 -1 187 187 187 187 187 187 187 187 -1 191 191 192 193 194 195 196 -1 103 114 113 112 111 110 109 109 109 -1 103 103 103 103 103 103 103 103 103 -1 109 109 109 110 111 112 113 114 103 103 103 103 103 104 105 106 107 108 109 110 -1 502 502 502 502 502 502 502 502 -1 193 193 193 193 193 193 -1 
-1 339 339 339 339 339 339 339 339 339 339 -1 290 289 288 287 286 286 286 286 286 286 286 286 286 286 286 286 286 287 288 289 290 -1 192 191 190 189 188 188 188 188 188 199 198 197 196 195 194 193 192 191 190 -1 188 188 188 188 188 188 188 188 -1 190 191 192 193 194 195 196 -1 102 102 113 112 111 110 110 110 110 -1 102 102 102 102 102 102 102 102 102 -1 110 110 110 110 111 112 113 102 102 102 102 102 103 104 105 106 107 108 109 110 -1 503 503 503 503 503 503 503 503 -1 192 192 192 192 192 192 -1 
-1 338 338 338 338 338 338 338 338 338 338 -1 290 289 288 287 286 285 285 285 285 285 285 285 285 285 285 285 286 287 288 289 290 -1 192 191 190 189 189 189 189 189 200 199 198 197 196 195 194 193 192 191 190 189 189 189 189 189 189 189 189 189 189 190 191 192 193 194 195 196 -1 101 101 101 112 111 111 111 111 111 -1 101 101 101 101 101 101 101 101 101 -1 111 111 111 111 111 112 101 101 101 101 101 102 103 104 105 106 107 108 109 110 -1 504 504 504 504 504 504 504 504 -1 191 191 191 191 191 191 -1 
-1 337 337 337 337 337 337 337 337 337 337 -1 290 289 288 287 286 285 284 284 284 284 284 284 284 284 284 285 286 287 288 289 290 -1 192 191 190 190 190 190 190 201 200 199 198 197 196 195 194 193 192 191 190 190 190 190 190 190 190 190 190 190 190 190 191 192 193 194 195 196 -1 100 100 100 100 100 100 100 100 100 -1 100 100 100 100 100 100 100 100 100 -1 100 100 100 100 100 100 100 100 100 100 101 102 103 104 105 106 107 108 109 110 -1 505 505 505 505 505 505 505 505 -1 190 190 190 190 190 190 -1 
-1 336 336 336 336 336 336 336 336 336 336 -1 290 289 288 287 286 285 283 283 283 283 283 283 283 283 283 285 286 287 288 289 290 -1 192 191 191 191 191 191 202 201 200 199 198 197 196 195 194 193 192 191 191 191 191 191 191 191 191 191 191 191 191 191 191 192 193 194 195 196 -1 99 99 99 99 99 99 99 99 99 -1 99 99 99 99 99 99 99 99 99 -1 99 99 99 99 99 99 99 99 99 100 101 102 103 104 105 106 107 108 109 110 -1 506 506 506 506 506 506 506 506 -1 189 189 189 189 189 189 -1 
-1 335 335 335 335 335 335 335 335 335 335 -1 290 289 288 287 286 282 282 282 282 282 282 282 282 282 282 282 286 287 288 289 290 -1 192 192 192 192 192 203 202 201 200 199 198 197 196 195 194 193 192 192 192 192 192 192 192 192 192 192 192 192 192 192 192 192 193 194 195 196 -1 99 98 98 98 98 98 98 98 98 -1 98 98 98 98 98 98 98 98 98 -1 98 98 98 98 98 98 98 98 99 100 101 102 103 104 105 106 107 108 109 98 -1 507 507 507 507 507 507 507 507 -1 188 188 188 188 188 188 -1 
-1 334 334 334 334 334 334 334 334 334 334 -1 -1 -1 -1 -1 -1 281 281 281 281 281 281 281 281 281 281 281 -1 -1 -1 -1 -1 -1 193 193 193 193 204 203 202 201 200 199 198 197 196 195 194 193 193 193 193 -1 193 193 193 193 193 193 193 193 -1 193 193 193 193 194 195 196 -1 99 98 97 97 97 97 97 97 97 -1 97 97 97 97 97 97 97 97 97 -1 97 97 97 97 97 97 97 98 99 100 101 102 103 104 105 106 107 108 97 97 -1 508 508 508 508 508 508 508 508 -1 187 187 187 187 187 187 -1 
-1 333 333 333 333 333 333 333 333 333 333 333 333 333 333 333 -1 280 280 280 280 280 280 280 280 280 280 280 -1 198 197 196 195 194 194 194 194 205 204 203 202 201 200 199 198 197 196 195 194 194 194 194 194 -1 194 194 194 194 194 194 194 194 -1 194 194 194 194 194 195 196 -1 99 98 97 96 96 96 96 96 96 -1 96 96 96 96 96 96 96 96 96 -1 96 96 96 96 96 96 97 98 99 100 101 102 103 104 105 106 107 96 96 96 -1 509 509 509 509 509 509 509 509 -1 186 186 186 186 186 186 -1 
-1 332 332 332 332 332 332 332 332 332 332 332 332 332 332 332 -1 279 279 279 279 279 279 279 279 279 279 279 -1 198 197 196 195 195 195 195 206 205 204 203 202 201 200 199 198 197 196 195 195 195 195 195 195 -1 195 195 195 195 195 195 195 195 -1 195 195 195 195 195 195 196 -1 99 98 97 96 95 95 95 95 95 -1 95 95 95 95 95 95 95 95 95 -1 95 95 95 95 95 96 97 98 99 100 101 102 103 104 105 106 95 95 95 95 -1 510 510 510 510 510 510 510 510 -1 185 185 185 185 185 185 -1 
-1 331 331 331 331 331 331 331 331 331 331 331 331 331 331 332 -1 278 278 278 278 278 278 278 278 278 278 278 -1 198 197 196 196 196 196 207 206 205 204 203 202 201 200 199 198 197 196 196 196 196 196 196 196 -1 196 196 196 196 196 196 196 196 -1 196 196 196 196 196 196 196 -1 99 98 97 96 95 94 94 94 94 -1 94 94 94 94 94 94 94 94 94 -1 94 94 94 94 95 96 97 98 99 100 101 102 103 104 105 94 94 94 94 94 -1 511 511 511 511 511 511 511 511 -1 184 184 184 184 184 184 -1 
-1 330 330 330 330 330 330 330 330 330 330 330 330 330 331 332 -1 277 277 277 277 277 277 277 277 277 277 277 -1 198 197 197 197 197 208 207 206 205 204 203 202 201 200 199 198 197 197 197 197 197 197 197 197 -1 197 197 197 197 197 197 197 197 -1 197 197 197 197 197 197 197 -1 99 98 97 96 95 94 93 93 93 93 93 93 93 93 93 93 93 93 93 93 93 93 93 94 95 96 97 98 99 100 101 102 103 104 93 93 93 93 93 94 -1 0 0 0 0 0 0 0 0 -1 183 183 183 183 183 183 -1 
-1 329 329 329 329 329 329 329 329 329 329 329 329 330 331 332 -1 276 276 276 276 276 276 276 276 276 276 276 -1 198 198 198 198 209 208 207 206 205 204 203 202 201 200 199 198 198 198 198 198 198 198 198 198 -1 198 198 198 198 198 198 198 198 -1 198 198 198 198 198 198 198 -1 99 98 97 96 95 94 93 92 92 92 92 92 92 92 92 92 92 92 92 92 92 92 93 94 95 96 97 98 99 100 101 102 103 92 92 92 92 92 93 94 -1 1 1 1 1 1 1 1 1 -1 182 182 182 182 182 182 -1 
-1 328 328 328 328 328 328 328 328 328 328 328 329 330 331 332 -1 275 275 275 275 275 275 275 275 275 275 275 -1 199 199 199 210 209 208 207 206 205 204 203 202 201 200 199 199 199 199 199 199 199 199 199 199 -1 199 199 199 199 199 199 199 199 -1 199 199 199 199 199 199 199 -1 99 98 97 96 95 94 93 92 91 91 91 91 91 91 91 91 91 91 91 91 91 92 93 94 95 96 97 98 99 100 101 102 91 91 91 91 91 92 93 94 -1 2 2 2 2 2 2 2 2 -1 181 181 181 181 181 181 -1 
-1 327 327 327 327 327 327 327 327 327 327 -1 -1 -1 -1 -1 -1 274 274 274 274 274 274 274 274 274 274 274 -1 -1 -1 -1 -1 -1 208 207 206 205 204 203 202 201 200 200 200 200 200 211 210 210 210 210 210 -1 200 200 200 200 200 200 200 200 -1 210 210 210 210 210 211 200 -1 99 98 97 96 95 94 93 92 91 90 90 90 90 90 90 90 90 90 90 90 91 92 93 94 95 96 97 98 99 100 101 90 90 90 90 90 91 92 93 94 -1 3 3 3 3 3 3 3 3 -1 180 180 180 180 180 180 -1 
-1 326 326 326 326 326 326 326 326 326 326 -1 276 275 274 273 273 273 273 273 273 273 273 273 273 273 273 273 273 273 274 275 276 -1 208 207 206 205 204 203 202 201 201 201 201 201 212 211 210 209 209 209 209 -1 201 201 201 201 201 201 201 201 -1 209 209 209 209 210 211 212 -1 99 98 97 96 95 94 93 92 91 -1 89 89 89 89 89 89 89 89 89 -1 91 92 93 94 95 96 97 98 99 100 89 89 89 89 89 90 91 92 93 94 -1 4 4 4 4 4 4 4 4 -1 179 179 179 179 179 179 -1 
-1 325 325 325 325 325 325 325 325 325 325 -1 276 275 274 273 272 272 272 272 272 272 272 272 272 272 272 272 272 273 274 275 276 -1 208 207 206 205 204 203 202 202 202 202 202 213 212 211 210 209 208 208 208 -1 202 202 202 202 202 202 202 202 -1 208 208 208 209 210 211 212 -1 99 98 97 96 95 94 93 92 92 -1 88 88 88 88 88 88 88 88 88 -1 92 92 93 94 95 96 97 98 99 88 88 88 88 88 89 90 91 92 93 94 -1 5 5 5 5 5 5 5 5 -1 178 178 178 178 178 178 -1 
-1 324 324 324 324 324 324 324 324 324 324 -1 276 275 274 273 272 271 271 271 271 271 271 271 271 271 271 271 272 273 274 275 276 -1 208 207 206 205 204 203 203 203 203 203 214 213 212 211 210 209 208 207 207 -1 203 203 203 203 203 203 203 203 -1 207 207 208 209 210 211 212 -1 87 98 97 96 95 94 93 93 93 -1 87 87 87 87 87 87 87 87 87 -1 93 93 93 94 95 96 97 98 87 87 87 87 87 88 89 90 91 92 93 94 -1 6 6 6 6 6 6 6 6 -1 177 177 177 177 177 177 -1 
-1 323 323 323 323 323 323 323 323 323 323 -1 276 275 274 273 272 271 270 270 270 270 270 270 270 270 270 271 272 273 274 275 276 -1 208 207 206 205 204 204 204 204 204 215 214 213 212 211 210 209 208 207 206 -1 204 204 204 204 204 204 204 204 -1 206 207 208 209 210 211 212 -1 86 86 97 96 95 94 94 94 94 -1 86 86 86 86 86 86 86 86 86 -1 94 94 94 94 95 96 97 86 86 86 86 86 87 88 89 90 91 92 93 94 -1 7 7 7 7 7 7 7 7 -1 176 176 176 176 176 176 -1 
-1 322 322 322 322 322 322 322 322 322 322 -1 276 275 274 273 272 271 269 269 269 269 269 269 269 269 269 271 272 273 274 275 276 -1 208 207 206 205 205 205 205 205 216 215 214 213 212 211 210 209 208 207 206 205 205 205 205 205 205 205 205 205 205 206 207 208 209 210 211 212 -1 85 85 85 96 95 95 95 95 95 -1 85 85 85 85 85 85 85 85 85 -1 95 95 95 95 95 96 85 85 85 85 85 86 87 88 89 90 91 92 93 94 -1 8 8 8 8 8 8 8 8 -1 175 175 175 175 175 175 -1 
-1 321 321 321 321 321 321 321 321 321 321 -1 276 275 274 273 272 268 268 268 268 268 268 268 268 268 268 268 272 273 274 275 276 -1 208 207 206 206 206 206 206 217 216 215 214 213 212 211 210 209 208 207 206 206 206 206 206 206 206 206 206 206 206 206 207 208 209 210 211 212 -1 84 84 84 84 84 84 84 84 84 -1 84 84 84 84 84 84 84 84 84 -1 84 84 84 84 84 84 84 84 84 84 85 86 87 88 89 90 91 92 93 94 -1 9 9 9 9 9 9 9 9 -1 174 174 174 174 174 174 -1 
-1 320 320 320 320 320 320 320 320 320 320 -1 -1 -1 -1 -1 -1 267 267 267 267 267 267 267 267 267 267 267 -1 -1 -1 -1 -1 -1 208 207 207 207 207 207 218 217 216 215 214 213 212 211 210 209 208 207 207 207 207 207 207 207 207 207 207 207 207 207 207 208 209 210 211 212 -1 83 83 83 83 83 83 83 83 83 -1 83 83 83 83 83 83 83 83 83 -1 83 83 83 83 83 83 83 83 83 84 85 86 87 88 89 90 91 92 93 94 -1 10 10 10 10 10 10 10 10 -1 173 173 173 173 173 173 -1 
-1 319 319 319 319 319 319 319 319 319 319 319 319 319 319 319 -1 266 266 266 266 266 266 266 266 266 266 266 -1 213 212 211 210 209 208 208 208 208 208 219 218 217 216 215 214 213 212 211 210 209 208 208 208 208 208 208 208 208 208 208 208 208 208 208 208 208 209 210 211 212 -1 83 82 82 82 82 82 82 82 82 -1 82 82 82 82 82 82 82 82 82 -1 82 82 82 82 82 82 82 82 83 84 85 86 87 88 89 90 91 92 93 94 -1 11 11 11 11 11 11 11 11 -1 172 172 172 172 172 172 -1 
-1 318 318 318 318 318 318 318 318 318 318 318 318 318 318 318 -1 265 265 265 265 265 265 265 265 265 265 265 -1 213 212 211 210 209 209 209 209 209 220 219 218 217 216 215 214 213 212 211 210 209 209 209 209 -1 209 209 209 209 209 209 209 209 -1 209 209 209 209 210 211 212 -1 83 82 81 81 81 81 81 81 81 -1 81 81 81 81 81 81 81 81 81 -1 81 81 81 81 81 81 81 82 83 84 85 86 87 88 89 90 91 92 93 94 -1 12 12 12 12 12 12 12 12 -1 171 171 171 171 171 171 -1 
-1 317 317 317 317 317 317 317 317 317 317 317 317 317 317 318 -1 264 264 264 264 264 264 264 264 264 264 264 -1 213 212 211 210 210 210 210 210 221 220 219 218 217 216 215 214 213 212 211 210 210 210 210 210 -1 210 210 210 210 210 210 210 210 -1 210 210 210 210 210 211 212 -1 83 82 81 80 80 80 80 80 80 -1 80 80 80 80 80 80 80 80 80 -1 80 80 80 80 80 80 81 82 83 84 85 86 87 88 89 90 91 92 93 94 -1 13 13 13 13 13 13 13 13 -1 170 170 170 170 170 170 -1 
-1 316 316 316 316 316 316 316 316 316 316 316 316 316 317 318 -1 263 263 263 263 263 263 263 263 263 263 263 -1 213 212 211 211 211 211 211 222 221 220 219 218 217 216 215 214 213 212 211 211 211 211 211 211 -1 211 211 211 211 211 211 211 211 -1 211 211 211 211 211 211 212 -1 83 82 81 80 79 79 79 79 79 -1 79 79 79 79 79 79 79 79 79 -1 79 79 79 79 79 80 81 82 83 84 85 86 87 88 89 90 91 92 93 94 -1 14 14 14 14 14 14 14 14 -1 169 169 169 169 169 169 -1 
-1 315 315 315 315 315 315 315 315 315 315 315 315 316 317 318 -1 263 262 262 262 262 262 262 262 262 262 262 -1 213 212 212 212 212 212 223 222 221 220 219 218 217 216 215 214 213 212 212 212 212 212 212 212 -1 212 212 212 212 212 212 212 212 -1 212 212 212 212 212 212 212 -1 83 82 81 80 79 78 78 78 78 -1 78 78 78 78 78 78 78 78 78 -1 78 78 78 78 79 80 81 82 83 84 85 86 87 88 89 90 91 92 93 94 -1 15 15 15 15 15 15 15 15 -1 168 168 168 168 168 168 -1 
-1 314 314 314 314 314 314 314 314 314 314 314 315 316 317 318 -1 263 262 261 261 261 261 261 261 261 261 261 -1 213 213 213 213 213 224 223 222 221 220 219 218 217 216 215 214 213 213 213 213 213 213 213 213 -1 213 213 213 213 213 213 213 213 -1 213 213 213 213 213 213 213 -1 83 82 81 80 79 78 77 77 77 77 77 77 77 77 77 77 77 77 77 77 77 77 77 78 79 80 81 82 83 84 85 86 87 88 89 90 91 92 93 94 -1 16 16 16 16 16 16 16 16 -1 167 167 167 167 167 167 -1 
-1 313 313 313 313 313 313 313 313 313 313 -1 -1 -1 -1 -1 -1 263 262 261 260 260 260 260 260 260 260 260 -1 -1 -1 -1 -1 -1 224 223 222 221 220 219 218 217 216 215 214 214 214 214 214 214 214 214 214 -1 214 214 214 214 214 214 214 214 -1 214 214 214 214 214 214 214 -1 83 82 81 80 79 78 77 76 76 76 76 76 76 76 76 76 76 76 76 76 76 76 77 78 79 80 81 82 83 84 85 86 87 88 89 90 91 92 93 94 -1 17 17 17 17 17 17 17 17 -1 166 166 166 166 166 166 -1 
-1 312 312 312 312 312 312 312 312 312 312 -1 268 267 266 265 264 263 262 261 260 259 259 259 259 259 259 259 259 259 259 259 259 -1 224 223 222 221 220 219 218 217 216 215 215 215 215 215 215 215 215 215 215 -1 215 215 215 215 215 215 215 215 -1 215 215 215 215 215 215 215 -1 83 82 81 80 79 78 77 76 75 75 75 75 75 75 75 75 75 75 75 75 75 76 77 78 79 80 81 82 83 84 85 86 87 88 89 90 91 92 93 94 -1 18 18 18 18 18 18 18 18 -1 165 165 165 165 165 165 -1 
-1 311 311 311 311 311 311 311 311 311 311 -1 268 267 266 265 264 263 262 261 260 259 258 258 258 258 258 258 258 258 258 258 258 -1 224 223 222 221 220 219 218 217 216 216 216 216 216 216 216 216 216 216 216 -1 216 216 216 216 216 216 216 216 -1 216 216 216 216 216 216 216 -1 83 82 81 80 79 78 77 76 75 74 74 74 74 74 74 74 74 74 74 74 75 76 77 78 79 80 81 82 83 84 85 86 87 88 89 90 91 92 93 94 -1 19 19 19 19 19 19 19 19 -1 164 164 164 164 164 164 -1 
-1 310 310 310 310 310 310 310 310 310 310 -1 268 267 266 265 264 263 262 261 260 259 258 257 257 257 257 257 257 257 257 257 257 -1 224 223 222 221 220 219 218 217 217 217 217 217 217 217 217 217 217 217 217 -1 217 217 217 217 217 217 217 217 -1 217 217 217 217 217 217 217 -1 83 82 81 80 79 78 77 76 75 -1 73 73 73 73 73 73 73 73 73 -1 75 76 77 78 79 80 81 82 83 84 85 86 87 88 89 90 91 92 93 94 -1 20 20 20 20 20 20 20 20 -1 163 163 163 163 163 163 -1 
-1 309 309 309 309 309 309 309 309 309 309 -1 268 267 266 265 264 263 262 261 260 259 258 257 256 256 256 256 256 256 256 256 256 -1 224 223 222 221 220 219 218 218 218 218 218 218 218 218 218 218 218 218 218 -1 218 218 218 218 218 218 218 218 -1 218 218 218 218 218 218 218 -1 83 82 81 80 79 78 77 76 76 -1 72 72 72 72 72 72 72 72 72 -1 76 76 77 78 79 80 81 82 83 84 85 86 87 88 89 90 91 92 93 94 -1 21 21 21 21 21 21 21 21 -1 162 162 162 162 162 162 -1 
-1 308 308 308 308 308 308 308 308 308 308 -1 268 267 266 265 264 263 262 261 260 259 258 257 256 255 255 255 255 255 255 255 255 -1 224 223 222 221 220 219 219 219 219 219 219 219 219 219 219 219 219 219 219 -1 219 219 219 219 219 219 219 219 -1 219 219 219 219 219 219 219 -1 83 82 81 80 79 78 77 77 77 -1 71 71 71 71 71 71 71 71 71 -1 77 77 77 78 79 80 81 82 83 84 85 86 87 88 89 90 91 92 93 94 -1 22 22 22 22 22 22 22 22 -1 161 161 161 161 161 161 -1 
-1 307 307 307 307 307 307 307 307 307 307 -1 268 267 266 265 264 263 262 261 260 259 258 257 256 255 254 254 254 254 254 254 254 -1 -1 223 222 221 220 220 220 220 220 220 220 220 220 220 220 220 220 220 -1 -1 220 220 220 220 220 220 220 220 -1 220 220 220 220 220 220 220 -1 83 82 81 80 79 78 78 78 78 -1 70 70 70 70 70 70 70 70 70 -1 78 78 78 78 79 80 81 82 83 84 85 86 87 88 89 90 91 92 93 94 -1 23 23 23 23 23 23 23 23 -1 160 160 160 160 160 160 -1 
-1 306 306 306 306 306 306 306 306 306 306 -1 268 267 266 265 264 263 262 261 260 259 258 257 256 255 254 253 253 253 253 253 253 253 -1 -1 -1 -1 -1 -1 -1 -1 -1 -1 -1 -1 -1 -1 -1 -1 -1 -1 -1 227 221 221 221 221 221 221 221 221 -1 221 221 221 221 221 221 221 -1 83 82 81 80 79 79 79 79 79 -1 69 69 69 69 69 69 69 69 69 -1 79 79 79 79 79 80 81 82 83 84 85 86 87 88 89 90 91 92 93 94 -1 24 24 24 24 24 24 24 24 -1 159 159 159 159 159 159 -1 
-1 305 305 305 305 305 305 305 305 305 305 -1 268 267 266 265 264 263 262 261 260 259 258 257 256 255 254 253 252 252 252 252 252 247 246 245 244 243 242 241 240 239 238 237 236 235 234 233 232 231 230 229 228 227 226 222 222 222 222 222 222 222 -1 222 222 222 222 222 222 222 -1 83 82 81 80 80 80 80 80 80 -1 68 68 68 68 68 68 68 68 68 -1 80 80 80 80 80 80 81 82 83 84 85 86 87 88 89 90 91 92 93 94 -1 25 25 25 25 25 25 25 25 -1 158 158 158 158 158 158 -1 
-1 304 304 304 304 304 304 304 304 304 304 -1 268 267 266 265 264 263 262 261 260 259 258 257 256 255 254 253 252 251 251 251 248 247 246 245 244 243 242 241 240 239 238 237 236 235 234 233 232 231 230 229 228 227 226 225 223 223 223 223 223 223 -1 223 223 223 223 223 223 223 -1 83 82 81 81 81 81 81 81 81 -1 67 67 67 67 67 67 67 67 67 -1 81 81 81 81 81 81 81 82 83 84 85 86 87 88 89 90 91 92 93 94 -1 26 26 26 26 26 26 26 26 -1 157 157 157 157 157 157 -1 
-1 303 303 303 303 303 303 303 303 303 303 -1 268 267 266 265 264 263 262 261 260 259 258 257 256 255 254 253 252 251 250 249 248 247 246 245 244 243 242 241 240 239 238 237 236 235 234 233 232 231 230 229 228 227 226 225 224 224 224 224 224 224 -1 224 224 224 224 224 224 224 -1 83 82 82 82 82 82 82 82 82 -1 66 66 66 66 66 66 66 66 66 -1 82 82 82 82 82 82 82 82 83 84 85 86 87 88 89 90 91 92 93 94 -1 27 27 27 27 27 27 27 27 -1 156 156 156 156 156 156 -1 
-1 302 302 302 302 302 302 302 302 302 302 -1 268 267 266 265 264 263 262 261 260 259 258 257 256 255 254 253 252 251 250 249 248 247 246 245 244 243 242 241 240 239 238 237 236 235 234 233 232 231 230 229 228 227 226 225 225 225 225 225 225 225 -1 225 225 225 225 225 225 225 -1 83 83 83 83 83 83 83 83 83 -1 66 65 65 65 65 65 65 65 65 -1 83 83 83 83 83 83 83 83 83 84 85 86 87 88 89 90 91 92 93 94 -1 28 28 28 28 28 28 28 28 -1 155 155 155 155 155 155 -1 
-1 301 301 301 301 301 301 301 301 301 301 -1 268 267 266 265 264 263 262 261 260 259 258 257 256 255 254 253 252 251 250 249 248 247 246 245 244 243 242 241 240 239 238 237 236 235 234 233 232 231 230 229 228 227 226 226 226 226 226 226 226 226 -1 226 226 226 226 226 226 226 -1 84 84 84 84 84 84 84 84 84 -1 66 65 64 64 64 64 64 64 64 -1 -1 84 84 84 84 84 84 84 84 84 85 86 87 88 89 90 91 92 93 -1 -1 29 29 29 29 29 29 29 29 -1 154 154 154 154 154 154 -1 
-1 300 300 300 300 300 300 300 300 300 300 -1 268 267 266 265 264 263 262 261 260 259 258 257 256 255 254 253 252 251 250 249 248 247 246 245 244 243 242 241 240 239 238 237 236 235 234 233 232 231 230 229 228 227 227 227 227 227 227 227 227 227 -1 227 227 227 227 227 227 227 -1 85 85 85 85 85 85 85 85 85 -1 66 65 64 63 63 63 63 63 63 63 -1 -1 -1 -1 -1 -1 -1 -1 -1 -1 -1 -1 -1 -1 -1 -1 -1 -1 -1 -1 36 30 30 30 30 30 30 30 30 -1 153 153 153 153 153 153 -1 
-1 299 299 299 299 299 299 299 299 299 299 -1 268 267 266 265 264 263 262 261 260 259 258 257 256 255 254 253 252 251 250 249 248 247 246 245 244 243 242 241 240 239 238 237 236 235 234 233 232 231 230 229 228 228 228 228 228 228 228 228 228 228 -1 228 228 228 228 228 228 228 -1 86 86 86 86 86 86 86 86 86 -1 66 65 64 63 62 62 62 62 62 57 56 55 54 53 52 51 50 49 48 47 46 45 44 43 42 41 40 39 38 37 36 35 31 31 31 31 31 31 31 -1 152 152 152 152 152 152 -1 
-1 299 298 298 298 298 298 298 298 298 298 -1 268 267 266 265 264 263 262 261 260 259 258 257 256 255 254 253 252 251 250 249 248 247 246 245 244 243 242 241 240 239 238 237 236 235 234 233 232 231 230 229 229 229 229 229 229 229 229 229 229 229 -1 229 229 229 229 229 229 229 -1 87 87 87 87 87 87 87 87 87 -1 66 65 64 63 62 61 61 61 58 57 56 55 54 53 52 51 50 49 48 47 46 45 44 43 42 41 40 39 38 37 36 35 34 32 32 32 32 32 32 -1 151 151 151 151 151 151 -1 
-1 299 298 297 297 297 297 297 297 297 297 -1 268 267 266 265 264 263 262 261 260 259 258 257 256 255 254 253 252 251 250 249 248 247 246 245 244 243 242 241 240 239 238 237 236 235 234 233 232 231 230 230 230 230 230 230 230 230 230 230 230 230 -1 230 230 230 230 230 230 230 -1 88 88 88 88 88 88 88 88 88 -1 66 65 64 63 62 61 60 59 58 57 56 55 54 53 52 51 50 49 48 47 46 45 44 43 42 41 40 39 38 37 36 35 34 33 33 33 33 33 33 -1 150 150 150 150 150 150 -1 
-1 299 298 297 296 296 296 296 296 296 296 -1 268 267 266 265 264 263 262 261 260 259 258 257 256 255 254 253 252 251 250 249 248 247 246 245 244 243 242 241 240 239 238 237 236 235 234 233 232 231 231 231 231 231 231 231 231 231 231 231 231 231 -1 231 231 231 231 231 231 231 -1 89 89 89 89 89 89 89 89 89 -1 66 65 64 63 62 61 60 59 58 57 56 55 54 53 52 51 50 49 48 47 46 45 44 43 42 41 40 39 38 37 36 35 34 34 34 34 34 34 34 -1 149 149 149 149 149 149 -1 
-1 299 298 297 296 295 295 295 295 295 295 -1 268 267 266 265 264 263 262 261 260 259 258 257 256 255 254 253 252 251 250 249 248 247 246 245 244 243 242 241 240 239 238 237 236 235 234 233 232 232 232 232 232 232 232 232 232 232 232 232 232 232 -1 232 232 232 232 232 232 232 -1 90 90 90 90 90 90 90 90 90 -1 66 65 64 63 62 61 60 59 58 57 56 55 54 53 52 51 50 49 48 47 46 45 44 43 42 41 40 39 38 37 36 35 35 35 35 35 35 35 35 -1 148 148 148 148 148 148 -1 
-1 299 298 297 296 295 294 294 294 294 294 -1 268 267 266 265 264 263 262 261 260 259 258 257 256 255 254 253 252 251 250 249 248 247 246 245 244 243 242 241 240 239 238 237 236 235 234 233 233 233 233 233 233 233 233 233 233 233 233 233 233 233 -1 233 233 233 233 233 233 233 -1 91 91 91 91 91 91 91 91 91 -1 66 65 64 63 62 61 60 59 58 57 56 55 54 53 52 51 50 49 48 47 46 45 44 43 42 41 40 39 38 37 36 36 36 36 36 36 36 36 36 -1 147 147 147 147 147 147 -1 
-1 299 298 297 296 295 294 293 293 293 293 -1 268 267 266 265 264 263 262 261 260 259 258 257 256 255 254 253 252 251 250 249 248 247 246 245 244 243 242 241 240 239 238 237 236 235 234 234 234 234 234 234 234 234 234 234 234 234 234 234 234 234 -1 234 234 234 234 234 234 234 -1 92 92 92 92 92 92 92 92 92 -1 66 65 64 63 62 61 60 59 58 57 56 55 54 53 52 51 50 49 48 47 46 45 44 43 42 41 40 39 38 37 37 37 37 37 37 37 37 37 37 -1 146 146 146 146 146 146 -1 
-1 299 298 297 296 295 294 293 292 292 292 -1 268 267 266 265 264 263 262 261 260 259 258 257 256 255 254 253 252 251 250 249 248 247 246 245 244 243 242 241 240 239 238 237 236 235 235 235 235 235 235 235 235 235 235 235 235 235 235 235 235 235 -1 235 235 235 235 235 235 235 -1 93 93 93 93 93 93 93 93 93 -1 66 65 64 63 62 61 60 59 58 57 56 55 54 53 52 51 50 49 48 47 46 45 44 43 42 41 40 39 38 38 38 38 38 38 38 38 38 38 38 -1 145 145 145 145 145 145 -1 
-1 299 298 297 296 295 294 293 292 291 291 -1 268 267 266 265 264 263 262 261 260 259 258 257 256 255 254 253 252 251 250 249 248 247 246 245 244 243 242 241 240 239 238 237 236 236 236 236 236 236 236 236 236 236 236 236 236 236 236 236 236 236 -1 236 236 236 236 236 236 236 -1 94 94 94 94 94 94 94 94 94 -1 66 65 64 63 62 61 60 59 58 57 56 55 54 53 52 51 50 49 48 47 46 45 44 43 42 41 40 39 39 39 39 39 39 39 39 39 39 39 39 -1 144 144 144 144 144 145 -1 
-1 299 298 297 296 295 294 293 292 291 290 -1 -1 -1 -1 -1 -1 -1 -1 -1 -1 -1 -1 -1 -1 -1 -1 -1 -1 -1 -1 -1 -1 -1 -1 -1 -1 -1 -1 -1 -1 -1 -1 -1 -1 -1 -1 -1 -1 -1 -1 -1 -1 -1 -1 -1 -1 -1 -1 -1 -1 -1 -1 237 237 237 237 237 237 237 -1 95 95 95 95 95 95 95 95 95 -1 66 65 64 63 62 61 60 59 58 57 56 55 54 53 52 51 50 49 48 47 46 45 44 43 42 41 40 40 40 40 40 40 40 40 40 40 40 40 40 -1 143 143 143 143 144 145 -1 
-1 299 298 297 296 295 294 293 292 291 290 289 288 287 286 285 284 283 282 281 280 279 278 277 276 275 274 273 272 271 270 269 268 267 266 265 264 263 262 261 260 259 258 257 256 255 254 253 252 251 250 249 248 247 246 245 244 243 242 241 240 239 238 238 238 238 238 238 238 238 -1 96 96 96 96 96 96 96 96 96 -1 66 65 64 63 62 61 60 59 58 57 56 55 54 53 52 51 50 49 48 47 46 45 44 43 42 41 41 41 41 41 41 41 41 41 41 41 41 41 41 -1 142 142 142 143 144 145 -1 
-1 299 298 297 296 295 294 293 292 291 290 289 288 287 286 285 284 283 282 281 280 279 278 277 276 275 274 273 272 271 270 269 268 267 266 265 264 263 262 261 260 259 258 257 256 255 254 253 252 251 250 249 248 247 246 245 244 243 242 241 240 239 239 239 239 239 239 239 239 239 -1 97 97 97 97 97 97 97 97 97 -1 66 65 64 63 62 61 60 59 58 57 56 55 54 53 52 51 50 49 48 47 46 45 44 43 42 42 42 42 42 42 42 42 42 42 42 42 42 42 42 -1 141 141 142 143 144 145 -1 
-1 299 298 297 296 295 294 293 292 291 290 289 288 287 286 285 284 283 282 281 280 279 278 277 276 275 274 273 272 271 270 269 268 267 266 265 264 263 262 261 260 259 258 257 256 255 254 253 252 251 250 249 248 247 246 245 244 243 242 241 240 240 240 240 240 240 240 240 240 240 -1 98 98 98 98 98 98 98 98 98 -1 -1 -1 -1 -1 -1 -1 -1 -1 -1 -1 -1 -1 -1 -1 -1 -1 -1 -1 -1 -1 -1 -1 -1 -1 -1 -1 -1 -1 -1 -1 -1 -1 -1 -1 -1 -1 -1 -1 -1 -1 140 141 142 143 144 145 -1 
-1 299 298 297 296 295 294 293 292 291 290 289 288 287 286 285 284 283 282 281 280 279 278 277 276 275 274 273 272 271 270 269 268 267 266 265 264 263 262 261 260 259 258 257 256 255 254 253 252 251 250 249 248 247 246 245 244 243 242 241 241 241 241 241 241 241 241 241 241 241 -1 99 99 99 99 99 99 99 99 99 99 100 101 102 103 104 105 106 107 108 109 110 111 112 113 114 115 116 117 118 119 120 121 122 123 124 125 126 127 128 129 130 131 132 133 134 135 136 137 138 139 140 141 142 143 144 145 -1 
-1 299 298 297 296 295 294 293 292 291 290 289 288 287 286 285 284 283 282 281 280 279 278 277 276 275 274 273 272 271 270 269 268 267 266 265 264 263 262 261 260 259 258 257 256 255 254 253 252 251 250 249 248 247 246 245 244 243 242 242 242 242 242 242 242 242 242 242 242 242 -1 100 100 100 100 100 100 100 100 100 100 100 101 102 103 104 105 106 107 108 109 110 111 112 113 114 115 116 117 118 119 120 121 122 123 124 125 126 127 128 129 130 131 132 133 134 135 136 137 138 139 140 141 142 143 144 145 -1 
-1 -1 -1 -1 -1 -1 -1 -1 -1 -1 -1 -1 -1 -1 -1 -1 -1 -1 -1 -1 -1 -1 -1 -1 -1 -1 -1 -1 -1 -1 -1 -1 -1 -1 -1 -1 -1 -1 -1 -1 -1 -1 -1 -1 -1 -1 -1 -1 -1 -1 -1 -1 -1 -1 -1 -1 -1 -1 -1 -1 -1 -1 -1 -1 -1 -1 -1 -1 -1 -1 -1 -1 -1 -1 -1 -1 -1 -1 -1 -1 -1 -1 -1 -1 -1 -1 -1 -1 -1 -1 -1 -1 -1 -1 -1 -1 -1 -1 -1 -1 -1 -1 -1 -1 -1 -1 -1 -1 -1 -1 -1 -1 -1 -1 -1 -1 -1 -1 -1 -1 -1 -1 -1 -1 -1 -1 -1 -1 
501
